<?xml version="1.0" encoding="UTF-8"?>
<IccProfile>
  <Header>
    <PreferredCMMType></PreferredCMMType>
    <ProfileVersion>5.00</ProfileVersion>
    <ProfileDeviceClass>nmcl</ProfileDeviceClass>
    <DataColourSpace></DataColourSpace>
	  <PCS></PCS>
    <CreationDateTime>now</CreationDateTime>
    <ProfileFlags EmbeddedInFile="true" UseWithEmbeddedDataOnly="false"/>
    <DeviceAttributes ReflectiveOrTransparency="reflective" GlossyOrMatte="glossy" MediaPolarity="positive" MediaColour="colour"/>
    <RenderingIntent>Absolute Colorimetric</RenderingIntent>
    <PCSIlluminant>
      <XYZNumber X="0.96420288" Y="1.00000000" Z="0.82490540"/>
    </PCSIlluminant>
    <ProfileCreator></ProfileCreator>
    <ProfileID>1</ProfileID>
		<SpectralPCS>bs04F7</SpectralPCS>
		<SpectralRange>
			<Wavelengths start="400" end="700" steps="31"/>
		</SpectralRange>
		<BiSpectralRange>
			<Wavelengths start="300" end="700" steps="41"/>
		</BiSpectralRange>
  </Header>

  <Tags>
    <multiLocalizedUnicodeType>
      <TagSignature>desc</TagSignature>
      <LocalizedText LanguageCountry="enUS"><![CDATA[Extended Named Color Example]]></LocalizedText>
    </multiLocalizedUnicodeType>
	
	<tagArrayType>
	  <TagSignature>ncl2</TagSignature>
	  <ArraySignature>nmcl</ArraySignature>
	  <ArrayTags>
	  
	    <tagStructureType>
		  <StructureSignature>tnt0</StructureSignature>
		  <MemberTags>
			<float16NumberType>
			  <TagSignature>spec</TagSignature>
			  <Data>
					0	0	0	0	0	0	0	0	0	0	1	0	0	0	0	0	0	0	0	0	0	0	0	0	0	0	0	0	0	0	0	0	0	0	0	0	0	0	0	0	0
					0	0	0	0	0	0	0	0	0	0	0	1	0	0	0	0	0	0	0	0	0	0	0	0	0	0	0	0	0	0	0	0	0	0	0	0	0	0	0	0	0
					0	0	0	0	0	0	0	0	0	0	0	0	1	0	0	0	0	0	0	0	0	0	0	0	0	0	0	0	0	0	0	0	0	0	0	0	0	0	0	0	0
					0	0	0	0	0	0	0	0	0	0	0	0	0	1	0	0	0	0	0	0	0	0	0	0	0	0	0	0	0	0	0	0	0	0	0	0	0	0	0	0	0
					0	0	0	0	0	0	0	0	0	0	0	0	0	0	1	0	0	0	0	0	0	0	0	0	0	0	0	0	0	0	0	0	0	0	0	0	0	0	0	0	0
					0	0	0	0	0	0	0	0	0	0	0	0	0	0	0	1	0	0	0	0	0	0	0	0	0	0	0	0	0	0	0	0	0	0	0	0	0	0	0	0	0
					0	0	0	0	0	0	0	0	0	0	0	0	0	0	0	0	1	0	0	0	0	0	0	0	0	0	0	0	0	0	0	0	0	0	0	0	0	0	0	0	0
					0	0	0	0	0	0	0	0	0	0	0	0	0	0	0	0	0	1	0	0	0	0	0	0	0	0	0	0	0	0	0	0	0	0	0	0	0	0	0	0	0
					0	0	0	0	0	0	0	0	0	0	0	0	0	0	0	0	0	0	1	0	0	0	0	0	0	0	0	0	0	0	0	0	0	0	0	0	0	0	0	0	0
					0	0	0	0	0	0	0	0	0	0	0	0	0	0	0	0	0	0	0	1	0	0	0	0	0	0	0	0	0	0	0	0	0	0	0	0	0	0	0	0	0
					0	0	0	0	0	0	0	0	0	0	0	0	0	0	0	0	0	0	0	0	1	0	0	0	0	0	0	0	0	0	0	0	0	0	0	0	0	0	0	0	0
					0	0	0	0	0	0	0	0	0	0	0	0	0	0	0	0	0	0	0	0	0	1	0	0	0	0	0	0	0	0	0	0	0	0	0	0	0	0	0	0	0
					0	0	0	0	0	0	0	0	0	0	0	0	0	0	0	0	0	0	0	0	0	0	1	0	0	0	0	0	0	0	0	0	0	0	0	0	0	0	0	0	0
					0	0	0	0	0	0	0	0	0	0	0	0	0	0	0	0	0	0	0	0	0	0	0	1	0	0	0	0	0	0	0	0	0	0	0	0	0	0	0	0	0
					0	0	0	0	0	0	0	0	0	0	0	0	0	0	0	0	0	0	0	0	0	0	0	0	1	0	0	0	0	0	0	0	0	0	0	0	0	0	0	0	0
					0	0	0	0	0	0	0	0	0	0	0	0	0	0	0	0	0	0	0	0	0	0	0	0	0	1	0	0	0	0	0	0	0	0	0	0	0	0	0	0	0
					0	0	0	0	0	0	0	0	0	0	0	0	0	0	0	0	0	0	0	0	0	0	0	0	0	0	1	0	0	0	0	0	0	0	0	0	0	0	0	0	0
					0	0	0	0	0	0	0	0	0	0	0	0	0	0	0	0	0	0	0	0	0	0	0	0	0	0	0	1	0	0	0	0	0	0	0	0	0	0	0	0	0
					0	0	0	0	0	0	0	0	0	0	0	0	0	0	0	0	0	0	0	0	0	0	0	0	0	0	0	0	1	0	0	0	0	0	0	0	0	0	0	0	0
					0	0	0	0	0	0	0	0	0	0	0	0	0	0	0	0	0	0	0	0	0	0	0	0	0	0	0	0	0	1	0	0	0	0	0	0	0	0	0	0	0
					0	0	0	0	0	0	0	0	0	0	0	0	0	0	0	0	0	0	0	0	0	0	0	0	0	0	0	0	0	0	1	0	0	0	0	0	0	0	0	0	0
					0	0	0	0	0	0	0	0	0	0	0	0	0	0	0	0	0	0	0	0	0	0	0	0	0	0	0	0	0	0	0	1	0	0	0	0	0	0	0	0	0
					0	0	0	0	0	0	0	0	0	0	0	0	0	0	0	0	0	0	0	0	0	0	0	0	0	0	0	0	0	0	0	0	1	0	0	0	0	0	0	0	0
					0	0	0	0	0	0	0	0	0	0	0	0	0	0	0	0	0	0	0	0	0	0	0	0	0	0	0	0	0	0	0	0	0	1	0	0	0	0	0	0	0
					0	0	0	0	0	0	0	0	0	0	0	0	0	0	0	0	0	0	0	0	0	0	0	0	0	0	0	0	0	0	0	0	0	0	1	0	0	0	0	0	0
					0	0	0	0	0	0	0	0	0	0	0	0	0	0	0	0	0	0	0	0	0	0	0	0	0	0	0	0	0	0	0	0	0	0	0	1	0	0	0	0	0
					0	0	0	0	0	0	0	0	0	0	0	0	0	0	0	0	0	0	0	0	0	0	0	0	0	0	0	0	0	0	0	0	0	0	0	0	1	0	0	0	0
					0	0	0	0	0	0	0	0	0	0	0	0	0	0	0	0	0	0	0	0	0	0	0	0	0	0	0	0	0	0	0	0	0	0	0	0	0	1	0	0	0
					0	0	0	0	0	0	0	0	0	0	0	0	0	0	0	0	0	0	0	0	0	0	0	0	0	0	0	0	0	0	0	0	0	0	0	0	0	0	1	0	0
					0	0	0	0	0	0	0	0	0	0	0	0	0	0	0	0	0	0	0	0	0	0	0	0	0	0	0	0	0	0	0	0	0	0	0	0	0	0	0	1	0
					0	0	0	0	0	0	0	0	0	0	0	0	0	0	0	0	0	0	0	0	0	0	0	0	0	0	0	0	0	0	0	0	0	0	0	0	0	0	0	0	1
			  </Data>
			</float16NumberType>
		  </MemberTags>
		</tagStructureType>
		
	  <tagStructureType>
		  <StructureSignature>nmcl</StructureSignature>
		  <MemberTags>
		    <utf8TextType>
		      <TagSignature>name</TagSignature>
			  <TextData>Neon-Orange</TextData>
			</utf8TextType>
			<float16NumberType>
			  <TagSignature>spec</TagSignature>
			  <Data>
					0.00	0.00	0.00	0.00	0.00	0.00	0.00	0.00	0.00	0.00	0.16	0.00	0.00	0.00	0.00	0.00	0.00	0.00	0.00	0.00	0.00	0.00	0.00	0.00	0.00	0.00	0.00	0.00	0.00	0.00	0.01	0.00	0.00	0.00	0.00	0.00	0.00	0.00	0.00	0.00	0.00
					0.00	0.00	0.00	0.00	0.00	0.00	0.00	0.00	0.00	0.00	0.00	0.13	0.00	0.00	0.00	0.00	0.00	0.00	0.00	0.00	0.00	0.00	0.00	0.00	0.00	0.00	0.00	0.00	0.00	0.01	0.01	0.00	0.00	0.00	0.00	0.00	0.00	0.00	0.00	0.00	0.00
					0.00	0.00	0.00	0.00	0.00	0.00	0.00	0.00	0.00	0.00	0.00	0.00	0.11	0.00	0.00	0.00	0.00	0.00	0.00	0.00	0.00	0.00	0.00	0.00	0.00	0.00	0.00	0.00	0.00	0.00	0.01	0.00	0.00	0.00	0.00	0.00	0.00	0.00	0.00	0.00	0.00
					0.00	0.00	0.00	0.00	0.00	0.00	0.00	0.00	0.00	0.00	0.00	0.00	0.00	0.09	0.00	0.00	0.00	0.00	0.00	0.00	0.00	0.00	0.00	0.00	0.00	0.00	0.00	0.00	0.00	0.00	0.01	0.00	0.00	0.00	0.00	0.00	0.00	0.00	0.00	0.00	0.00
					0.00	0.00	0.00	0.00	0.00	0.00	0.00	0.00	0.00	0.00	0.00	0.00	0.00	0.00	0.08	0.00	0.00	0.00	0.00	0.00	0.00	0.00	0.00	0.00	0.00	0.00	0.00	0.00	0.00	0.00	0.01	0.00	0.00	0.00	0.00	0.00	0.00	0.00	0.00	0.00	0.00
					0.00	0.00	0.00	0.00	0.00	0.00	0.00	0.00	0.00	0.00	0.00	0.00	0.00	0.00	0.00	0.07	0.00	0.00	0.00	0.00	0.00	0.00	0.00	0.00	0.00	0.00	0.00	0.00	0.00	0.00	0.00	0.00	0.00	0.00	0.00	0.00	0.00	0.00	0.00	0.00	0.00
					0.00	0.00	0.00	0.00	0.00	0.00	0.00	0.00	0.00	0.00	0.00	0.00	0.00	0.00	0.00	0.00	0.08	0.00	0.00	0.00	0.00	0.00	0.00	0.00	0.00	0.00	0.00	0.00	0.00	0.00	0.00	0.00	0.00	0.00	0.00	0.00	0.00	0.00	0.00	0.00	0.00
					0.00	0.00	0.00	0.00	0.00	0.00	0.00	0.00	0.00	0.00	0.00	0.00	0.00	0.00	0.00	0.00	0.00	0.08	0.00	0.00	0.00	0.00	0.00	0.00	0.00	0.00	0.00	0.00	0.00	0.00	0.00	0.00	0.00	0.00	0.00	0.00	0.00	0.00	0.00	0.00	0.00
					0.00	0.00	0.00	0.00	0.00	0.00	0.00	0.00	0.00	0.00	0.00	0.00	0.00	0.00	0.00	0.00	0.00	0.00	0.10	0.00	0.00	0.00	0.00	0.00	0.00	0.00	0.00	0.00	0.00	0.00	0.00	0.00	0.00	0.00	0.00	0.00	0.00	0.00	0.00	0.00	0.00
					0.00	0.00	0.00	0.00	0.00	0.00	0.00	0.00	0.00	0.00	0.00	0.00	0.00	0.00	0.00	0.00	0.00	0.00	0.00	0.12	0.00	0.00	0.00	0.00	0.00	0.00	0.00	0.00	0.00	0.00	0.00	0.00	0.00	0.00	0.00	0.00	0.00	0.00	0.00	0.00	0.00
					0.00	0.00	0.00	0.00	0.00	0.00	0.00	0.00	0.00	0.00	0.00	0.00	0.00	0.00	0.00	0.00	0.00	0.00	0.00	0.00	0.12	0.00	0.00	0.00	0.00	0.00	0.00	0.00	0.00	0.00	0.00	0.00	0.00	0.00	0.00	0.00	0.00	0.00	0.00	0.00	0.00
					0.00	0.00	0.00	0.00	0.00	0.00	0.00	0.00	0.00	0.00	0.00	0.00	0.00	0.00	0.00	0.00	0.00	0.00	0.00	0.00	0.00	0.11	0.00	0.00	0.00	0.00	0.00	0.00	0.00	0.00	0.00	0.00	0.00	0.00	0.00	0.00	0.00	0.00	0.00	0.00	0.00
					0.00	0.00	0.00	0.00	0.00	0.00	0.00	0.00	0.00	0.00	0.00	0.00	0.00	0.00	0.00	0.00	0.00	0.00	0.00	0.00	0.00	0.00	0.08	0.00	0.00	0.00	0.00	0.00	0.00	0.00	0.00	0.00	0.00	0.00	0.00	0.00	0.00	0.00	0.00	0.00	0.00
					0.00	0.00	0.00	0.00	0.00	0.00	0.00	0.00	0.00	0.00	0.00	0.00	0.00	0.00	0.00	0.00	0.00	0.00	0.00	0.00	0.00	0.00	0.00	0.07	0.00	0.00	0.00	0.00	0.00	0.00	0.00	0.00	0.00	0.00	0.00	0.00	0.00	0.00	0.00	0.00	0.00
					0.00	0.00	0.00	0.00	0.00	0.00	0.00	0.00	0.00	0.00	0.00	0.00	0.00	0.00	0.00	0.00	0.00	0.00	0.00	0.00	0.00	0.00	0.00	0.00	0.06	0.00	0.00	0.00	0.00	0.00	0.00	0.00	0.00	0.00	0.00	0.00	0.00	0.00	0.00	0.00	0.00
					0.00	0.00	0.00	0.00	0.00	0.00	0.00	0.00	0.00	0.00	0.00	0.00	0.00	0.00	0.00	0.00	0.00	0.00	0.00	0.00	0.00	0.00	0.00	0.00	0.00	0.07	0.00	0.00	0.00	0.00	0.00	0.00	0.00	0.00	0.00	0.00	0.00	0.00	0.00	0.00	0.00
					0.00	0.00	0.00	0.00	0.00	0.00	0.00	0.00	0.00	0.00	0.00	0.00	0.00	0.00	0.00	0.00	0.01	0.00	0.00	0.00	0.00	0.00	0.00	0.00	0.00	0.00	0.08	0.00	0.01	0.00	0.00	0.00	0.00	0.00	0.00	0.00	0.00	0.00	0.00	0.00	0.00
					0.00	0.00	0.00	0.00	0.00	0.00	0.00	0.00	0.00	0.00	0.00	0.00	0.01	0.01	0.01	0.01	0.01	0.01	0.01	0.01	0.01	0.01	0.01	0.01	0.01	0.01	0.01	0.11	0.01	0.01	0.00	0.00	0.00	0.00	0.00	0.00	0.00	0.00	0.00	0.00	0.00
					0.00	0.00	0.00	0.00	0.00	0.00	0.01	0.01	0.00	0.01	0.01	0575 36.817602 36.892716 36.967917 37.043204 37.118579
											 37.194041 37.269590 37.345226 37.420950 37.496761 37.572659 37.648646 37.724720 37.800882 37.877131 37.953469 38.029895 38.106408 38.183010 38.259701 38.336479
											 38.413346 38.490302 38.567346 38.644479 38.721700 38.799011 38.876410 38.953898 39.031476 39.109142 39.186898 39.264743 39.342678 39.420702 39.498816 39.577019
											 39.655312 39.733695 39.812168 39.890731 39.969383 40.048126 40.126960 40.205883 40.284897 40.364001 40.443196 40.522482 40.601858 40.681325 40.760883 40.840532
											 40.920273 41.000104 41.080026 41.160040 41.240145 41.320342 41.400630 41.481010 41.561481 41.642045 41.722700 41.803447 41.884286 41.965218 42.046241 42.127357
											 42.208566 42.289867 42.371260 42.452746 42.534325 42.615996 42.697761 42.779618 42.861569 42.943613 43.025750 43.107980 43.190303 43.272721 43.355231 43.437836
											 43.520534 43.603326 43.686212 43.769192 43.852266 43.935434 44.018696 44.102053 44.185504 44.269050 44.352690 44.436425 44.520254 44.604179 44.688199 44.772313
											 44.856523 44.940827 45.025228 45.109723 45.194314 45.279000 45.363783 45.448660 45.533634 45.618703 45.703869 45.789130 45.874488 45.959942 46.045492 46.131139
											 46.216882 46.302721 46.388658 46.474691 46.560821 46.647047 46.733371 46.819792 46.906310 46.992926 47.079638 47.166449 47.253356 47.340362 47.427465 47.514666
											 47.601964 47.689361 47.776856 47.864449 47.952140 48.039929 48.127817 48.215803 48.303888 48.392072 48.480354 48.568735 48.657216 48.745795 48.834473 48.923250
											 49.012127 49.101103 49.190179 49.279354 49.368629 49.458003 49.547478 49.637052 49.726726 49.816500 49.906375 49.996350 50.086425 50.176600 50.266876 50.357253
											 50.447730 50.538309 50.628988 50.719768 50.810649 50.901631 50.992715 51.083899 51.175186 51.266573 51.358063 51.449654 51.541347 51.633141 51.725038 51.817037
											 51.909138 52.001341 52.093646 52.186054 52.278564 52.371177 52.463893 52.556711 52.649632 52.742657 52.835784 52.929014 53.022348 53.115784 53.209325 53.302968
											 53.396716 53.490567 53.584522 53.678580 53.772743 53.867009 53.961380 54.055855 54.150434 54.245118 54.339906 54.434799 54.529796 54.624899 54.720106 54.815418
											 54.910835 55.006357 55.101984 55.197717 55.293555 55.389499 55.485548 55.581703 55.677963 55.774330 55.870802 55.967381 56.064065 56.160856 56.257753 56.354757
											 56.451867 56.549084 56.646407 56.743837 56.841375 56.939019 57.036770 57.134628 57.232593 57.330666 57.428846 57.527134 57.625530 57.724033 57.822644 57.921362
											 58.020189 58.119124 58.218167 58.317318 58.416578 58.515946 58.615423 58.715008 58.814702 58.914505 59.014416 59.114437 59.214567 59.314806 59.415154 59.515612
											 59.616179 59.716856 59.817642 59.918538 60.019544 60.120660 60.221886 60.323222 60.424669 60.526225 60.627892 60.729670 60.831558 60.933557 61.035666 61.137887
											 61.240218 61.342661 61.445214 61.547879 61.650655 61.753543 61.856542 61.959653 62.062876 62.166210 62.269656 62.373215 62.476885 62.580668 62.684563 62.788570
											 62.892690 62.996922 63.101267 63.205725 63.310295 63.414979 63.519775 63.624685 63.729708 63.834844 63.940094 64.045457 64.150934 64.256525 64.362229 64.468047
											 64.573979 64.680*calcImport.xml*026 64.786186 64.892461 64.998850 65.105354 65.211972 65.318705 65.425552 65.532515 65.639592 65.746784 65.854092 65.961515 66.069053 66.176706
											 66.284475 66.392360 66.500360 66.608476 66.716708 66.825056 66.933520 67.042100 67.150797 67.259610 67.368539 67.477585 67.586748 67.696027 67.805423 67.914936
											 68.024567 68.134314 68.244178 68.354160 68.464260 68.574476 68.684811 68.795263 68.905833 69.016521 69.127327 69.238251 69.349293 69.460453 69.571732 69.683129
											 69.794645 69.906280 70.018033 70.129905 70.241896 70.354006 70.466236 70.578584 70.691052 70.803639 70.916346 71.029173 71.142119 71.255185 71.368371 71.481677
											 71.595103 71.708650 71.822316 71.936103 72.050011 72.164039 72.278188 72.392457 72.506848 72.621359 72.735992 72.850746 72.965621 73.080617 73.195735 73.310974
											 73.426335 73.541818 73.657423 73.773149 73.888998 74.004969 74.121062 74.237277 74.353615 74.470075 74.586658 74.703364 74.820192 74.937144 75.054218 75.171416
											 75.288736 75.406180 75.523748 75.641439 75.759253 75.877191 75.995253 76.113439 76.231749 76.350183 76.468741 76.587423 76.706230 76.825161 76.944216 77.063397
											 77.182702 77.302132 77.421687 77.541367 77.661172 77.781102 77.901158 78.021339 78.141645 78.262078 78.382635 78.503319 78.624129 78.745065 78.866126 78.987314
											 79.108629 79.230069 79.351636 79.473330 79.595151 79.717098 79.839172 79.961373 80.083701 80.206157 80.328739 80.451449 80.574287 80.697252 80.820344 80.943565
											 81.066913 81.190389 81.313993 81.437726 81.561586 81.685575 81.809693 81.933939 82.058313 82.182816 82.307448 82.432209 82.557099 82.682119 82.807267 82.932545
											 83.057952 83.183488 83.309154 83.434950 83.560876 83.686931 83.813116 83.939432 84.065878 84.192454 84.319160 84.445997 84.572964 84.700062 84.827291 84.954650
											 85.082141 85.209763 85.337515 85.465399 85.593415 85.721561 85.849839 85.978249 86.106791 86.235464 86.364270 86.493207 86.622276 86.751478 86.880812 87.010278
											 87.139877 87.269608 87.399472 87.529469 87.659599 87.789862 87.920257 88.050786 88.181448 88.312244 88.443173 88.574235 88.705432 88.836761 88.968225 89.099823
											 89.231555 89.363420 89.495420 89.627555 89.759824 89.892227 90.024765 90.157437 90.290245 90.423187 90.556264 90.689476 90.822824 90.956307 91.089925 91.223678
											 91.357568 91.491592 91.625753 91.760049 91.894482 92.029050 92.163755 92.298596 92.433573 92.568686 92.703936 92.839323 92.974846 93.110506 93.246303 93.382237
											 93.518308 93.654517 93.790862 93.927345 94.063966 94.200724 94.337619 94.474653 94.611824 94.749133 94.886580 95.024166 95.161889 95.299751 95.437752 95.575890
											 95.714168 95.852584 95.991139 96.129833 96.268666 96.407637 96.546748 96.685999 96.825388 96.964918 97.104586 97.244395 97.384343 97.524431 97.664658 97.805026
											 97.945534 98.086182 98.226971 98.367900 98.508969 98.650179 98.791530 98.933021 99.074653 99.216426 99.358341 99.500396 99.642593 99.784931 99.927410 100.070031
											 100.212794 100.355698 100.498744 100.641932 100.785262 100.928734 101.072348 101.216104 101.360003 101.504044 101.648228 101.792554 101.937024 102.081636 102.226390 102.371288
											 102.516329 102.661513 102.806841 102.952312 103.097926 103.243684 103.389585 103.535631 103.681820 103.828153 103.974630 104.121251 104.268016 104.414926 104.561980 104.709178
											 104.856521 105.004009 105.151642 105.299419 105.447341 105.595409 105.743621 105.891979 106.040481 106.189130 106.337924 106.486863 106.635948 106.785179 106.934555 107.084078
											 107.233747 107.383561 107.533522 107.683629 107.833883 107.984283 108.134830 108.285523 108.436363 108.587350 108.738484 108.889765 109.041193 109.192768 109.344490 109.496360
											 109.648377 109.800542 109.952855 110.105315 110.257923 110.410679 110.563583 110.716635 110.869835 111.023184 111.176681 111.330326 111.484120 111.638062 19.409136 619.809206 620.209340 620.609537 621.009798 621.410122 621.810509
											 622.210959 622.611472 623.012048 623.412687 623.813389 624.214153 624.614979 625.015868 625.416819 625.817832 626.218908 626.620045 627.021244 627.422505 627.823827 628.225211
											 628.626656 629.028163 629.429730 629.831359 630.233049 630.634800 631.036611 631.438483 631.840416 632.242409 632.644463 633.046577 633.448750 633.850984 634.253278 634.655632
											 635.058045 635.460519 635.863051 636.265643 636.668294 637.071005 637.473775 637.876603 638.279491 638.682437 639.085442 639.488506 639.891628 640.294809 640.698048 641.101345
											 641.504700 641.908113 642.311584 642.715112 643.118699 643.522343 643.926044 644.329803 644.733619 645.137492 645.541423 645.945410 646.349454 646.753555 647.157712 647.561927
											 647.966197 648.370524 648.774907 649.179346 649.583842 649.988393 650.393000 650.797663 651.202382 651.607156 652.011985 652.416870 652.821810 653.226806 653.631856 654.036961
											 654.442121 654.847336 655.252606 655.657930 656.063308 656.468741 656.874228 657.279770 657.685365 658.091014 658.496717 658.902474 659.308285 659.714149 660.120066 660.526037
											 660.932061 661.338139 661.744269 662.150453 662.556689 662.962978 663.369320 663.775714 664.182161 664.588660 664.995211 665.401815 665.808470 666.215178 666.621937 667.028749
											 667.435612 667.842526 668.249493 668.656510 669.063579 669.470699 669.877870 670.285093 670.692366 671.099690 671.507064 671.914490 672.321966 672.729492 673.137069 673.544695
											 673.952373 674.360100 674.767877 675.175704 675.583581 675.991507 676.399483 676.807508 677.215583 677.623708 678.031881 678.440103 678.848375 679.256695 679.665065 680.073483
											 680.481949 680.890464 681.299028 681.707640 682.116300 682.525009 682.933765 683.342569 683.751422 684.160322 684.569270 684.978265 685.387308 685.796398 686.205536 686.614721
											 687.023953 687.433232 687.842558 688.251931 688.661351 689.070817 689.480330 689.889889 690.299495 690.709147 691.118846 691.528590 691.938380 692.348217 692.758099 693.168027
											 693.578001 693.988020 694.398085 694.808195 695.218350 695.@28551 696.038797 696.449087 696.859423 697.269804 697.680229 698.090699 698.501213 698.911772 699.322376 699.733023
											 700.143715 700.554451 700.965231 701.376055 701.786923 702.197835 702.608790 703.019789 703.430831 703.841917 704.253046 704.664218 705.075433 705.486692 705.897993 706.309337
											 706.720724 707.132154 707.543626 707.955141 708.366698 708.778298 709.189940 709.601624 710.013350 710.425118 710.836928 711.248779 711.660673 712.072608 712.484585 712.896603
											 713.308662 713.720763 714.132905 714.545088 714.957312 715.369577 715.781883 716.194229 716.606616 717.019044 717.431512 717.844021 718.256570 718.669160 719.081789 719.494459
											 719.907168 720.319917 720.732707 721.145536 721.558404 721.971312 722.384260 722.797247 723.210273 723.623339 724.036443 724.449587 724.862770 725.275991 725.689251 726.102550
											 726.515888 726.929264 727.342678 727.756131 728.169623 728.583152 728.996719 729.410325 729.823968 730.237650 730.651369 731.065126 731.478920 731.892752 732.306621 732.720528
											 733.134472 733.548453 733.962472 734.376527 734.790619 735.204748 735.618914 736.033117 736.447356 736.861632 737.275944 737.690293 738.104677 738.519098 738.933556 739.348049
											 739.762578 740.177143 740.591744 741.006380 741.421052 741.835760 742.250503 742.665282 743.080096 743.494945 743.909829 744.324748 744.739702 745.154691 745.569715 745.984774
											 746.399867 746.814995 747.230158 747.645355 748.060586 748.475851 748.891151 749.306485 749.721852 750.137254 750.552689 750.968159 751.383662 751.799198 752.214768 752.630372
											 753.046009 753.461679 753.877383 754.293119 754.708889 755.124692 755.540527 755.956396 756.372297 756.788231 757.204197 757.620196 758.036228 758.452291 758.868388 759.284516
											 759.700676 760.116869 760.533093 760.949349 761.365637 761.781957 762.198309 762.614692 763.031106 763.447553 763.864030 764.280539 764.697078 765.113649 765.530252 765.946885
											 766.363548 766.780243 767.196969 767.613725 768.030512 768.447329 768.864176 769.281055 769.697963 770.114901 770.531870 770.948869 771.365898 771.782956 772.200045 772.617163
											 773.034311 773.451488 773.868695 774.285932 774.703198 775.120493 775.537818 775.955171 776.372554 776.789966 777.207406 777.624876 778.042374 778.459901 778.877457 779.295041
											 779.712654 7194612 461.968686 462.744008 463.520578 464.298399 465.077473 465.857802
										 466.639388 467.422233 468.206338 468.991707 469.778340 470.566241 471.355410 472.145850 472.937564 473.730552 474.524818 475.320363 476.117189 476.915298 477.714692 478.515374
										 479.317345 480.120608 480.925164 481.731016 482.538165 483.346614 484.156365 484.967420 485.779781 486.593450 487.408429 488.224720 489.042326 489.861248 490.681488 491.503049
										 492.325934 493.150142 493.975678 494.802543 495.630740 496.460269 497.291134 498.123337 498.956880 499.791764 500.627992 501.465567 502.304490 503.144764 503.986390 504.829371
										 505.673709 506.519407 507.366465 508.214887 509.064675 509.915831 510.768357 511.622255 512.477527 513.334177 514.192205 515.051614 515.912406 516.774584 517.638149 518.503105
										 519.369453 520.237194 521.106333 521.976870 522.848809 523.722151 524.596898 525.473053 526.350618 527.229596 528.109988 528.991797 529.875024 530.759674 531.645747 532.533246
										 533.422173 534.312530 535.204320 536.097546 536.992208 537.888311 538.785855 539.684843 540.585279 541.487163 542.390498 543.295286 544.201531 545.109234 546.018397 546.929023
										 547.841114 548.754673 549.669702 550.586203 551.504178 552.423631 553.344563 554.266976 555.190874 556.116258 557.043130 557.971494 558.901352 559.832705 560.765557 561.699909
										 562.635765 563.573126 564.511995 565.452375 566.394267 567.337675 568.282600 569.229046 570.177013 571.126506 572.077526 573.030076 573.984159 574.939776 575.896930 576.855624
										 577.815859 578.777640 579.740967 580.705845 581.672274 582.640257 583.609798 584.580898 585.553560 586.527786 587.503580 588.480943 589.459878 590.440387 591.422474 592.406140
										 593.391388 594.378220 595.366640 596.356650 597.348252 598.341448 599.336242 600.332636 601.330633 602.330234 603.331443 604.334262 605.338694 606.344742 607.352407 608.361693
										 609.372601 610.385136 611.399299 612.415093 613.432520 614.451584 615.472286 616.494629 617.518617 618.544252 619.4637 1126.194988 1128.038298 1129.884572 1131.733815 1133.586031 1135.441225 1137.299403 1139.160569 1141.024727 1142.891883 1144.762041
										 1146.635207 1148.511385 1150.390579 1152.272796 1154.158039 1156.046314 1157.937625 1159.831978 1161.729377 1163.629827 1165.533334 1167.439901 1169.349535 1171.262239 1173.178019 1175.096880
										 1177.018828 1178.943865 1180.871999 1182.803233 1184.737574 1186.675025 1188.615592 1190.559280 1192.506093 1194.456038 1196.409119 1198.365341 1200.324709 1202.287228 1204.252903 1206.221740
										 1208.193744 1210.168919 1212.147271 1214.128804 1216.113525 1218.101438 1220.092548 1222.086861 1224.084381 1226.085114 1228.089066 1230.096240 1232.106643 1234.120279 1236.137155 1238.157274
										 1240.180643 1242.207266 1244.237149 1246.270297 1248.306716 1250.346410 1252.389385 1254.435647 1256.485199 1258.538049 1260.594201 1262.653661 1264.716433 1266.782524 1268.851938 1270.924681
										 1273.000759 1275.080176 1277.162938 1279.249051 1281.338520 1283.431350 1285.527547 1287.627116 1289.730063 1291.836392 1293.946111 1296.059223 1298.175736 1300.295653 1302.418981 1304.545724
										 1306.675890 1308.809482 1310.946507 1313.086971 1315.230878 1317.378234 1319.529046 1321.683317 1323.841055 1326.002265 1328.166952 1330.335122 1332.506780 1334.681932 1336.860585 1339.042743
										 1341.228412 1343.417597 1345.610306 1347.806542 1350.006313 1352.209623 1354.416479 1356.626885 1358.840849 1361.058375 1363.279469 1365.504137 1367.732386 1369.964220 1372.199645 1374.438668
										 1376.681294 1378.927529 1381.177379 1383.430849 1385.687946 1387.948675 1390.213042 1392.481054 1394.752715 1397.028032 1399.307011 1401.589658 1403.875979 1406.165979 1408.459665 1410.757042
										 1413.058117 1415.362895 1417.671383 1419.983586 1422.299510 1424.619163 1426.942548 1429.269674 1431.600545 1433.935167 1436.273548 1438.615692 1440.961606 1443.311297 1445.664769 1448.022030
										 1450.383085 1452.747940 1455.116603 1457.489078 1459.865372 1462.245491 1464.629442 1467.017231 1469.408863 1471.804345 1474.203684 1476.606885 1479.013955 1481.424900 1483.839726 1486.258439
										 1488.681047 1491.107555 1493.537969 1495.972296 1498.410543 1500.852714 1503.298818 1505.748860 1508.202846 1510.660784 1513.122679 1515.588538 1518.058366 1520.532172 1523.009961 1525.491739
										 1527.977513 1530.467290 1532.961075 1535.458876 1537.960699 1540.466551 1542.976437 1545.490365 1548.008341 1550.530372 1553.056464 1555.586624 1558.120858 1560.659173 1563.201576 1565.748072
										 1568.298670 1570.853375 1573.412195 1575.975135 1578.542202 1581.113404 1583.688747 1586.268237 1588.851882 1591.439687 1594.031660 1596.627808 1599.228138 1601.832655 1604.441367 1607.054281
										 1609.671403 1612.292740 1614.918300 1617.548089 1620.182113 1622.820380 1625.462897 1628.109670 1630.760707 1633.416013 1636.075597 1638.739465 1641.407625 1644.080082 1646.756844 1649.437918
										 1652.123311 1654.813030 1657.507082 1660.205474 1662.908213 1665.615307 1668.326761 1671.042583 1673.762781 1676.487362 1679.216331 1681.949698 1684.687468 1687.429649 1690.176248 1692.927273
										 1695.682730 1698.442626 1701.206969 1703.975766 1706.749025 1709.526752 1712.308954 1715.095640 1717.886816 1720.682489 1723.482667 1726.287358 1729.096568 1731.910304 1734.728575 1737.551387
										 1740.378748 1743.210666 1746.047147 1748.888199 1751.733829 1754.584045 1757.438855 1760.298266 1763.162285 1766.030919 1768.904177 1771.782065 1774.664592 1777.551764 1780.443590 1783.340077
										 1786.241232 1789.147063 1792.057578 1794.972784 1797.892688 1800.817299 1803.746625 1806.680672 1809.619448 1812.562962 1815.511220 1818.464231 1821.422002 1824.384540 1827.351855 1830.323953
										 1833.300842 1836.282530 1839.269025 1842.260334 1845.256466 1848.257428 1851.263228 1854.273874 1857.289374 1860.309736 1863.334967 1866.365075 1869.400069 1872.439956 1875.484745 1878.534443
										 1881.589058 1884.648598 1887.713071 1890.782486 1893.856850 1896.936171 1900.020458 1903.109718 1906.203959 1909.303190 1912.407419 1915.516653 1918.630902 1921.750173 1924.874473 1928.003813
										 1931.138199 1934.277639 1937.422143 1940.571718 1943.726373 1946.886115 1950.050953 1953.220896 1956.395951 1959.576127 1962.761432 1965.951875 1969.147464 1972.348208 1975.554113 1978.765190
										 1981.981447 1985.202891 1988.429532 1991.661377 1994.898436 1998.140716 2001.388226 2004.640976 2007.898972 2011.162224 2014.430741 2017.704530 2020.983601 2024.267962 2027.557622 2030.852588
										 2034.152871 2037.458478 2040.769418 2044.085700 2047.407333 2050.734325 2054.066685 2057.404422 2060.747544 2064.096060 2067.449979 2070.809310 2074.174062 2077.544243 2080.919862 2084.300928
										 2087.687450 2091.079437 2094.476898 2097.879841 2101.288276 2104.702211 2108.121656 2111.546619 2114.977109 2118.413136 2121.854708 2125.301834 2128.754524 2132.212786 2135.676630 2139.146065
										 2142.621099 2146.101742 2149.588003 2153.079891 2156.577415 2160.080585 2163.589410 2167.103898 2170.624059 2174.149903 2177.681438 2181.218674 2184.761620 2188.310286 2191.864680 2195.424812
										 2198.990692 2202.562328 2206.139730 2209.722908 2213.311871 2216.906628 2220.507189 2224.113563 2227.725760 2231.34C3789 2234.967659 2238.597381 2242.232963 2245.874416 2249.521748 2253.174970
										 2256.834091 2260.499120 2264.170067 2267.846943 2271.529756 2275.218516 2278.913232 2282.613916 2286.320575 2290.033221 2293.751863 2297.476510 2301.207172 2304.943859 2308.686582 2312.435349
										 2316.190171 2319.951057 2323.718018 2327.491063 2331.270202 2335.055445 2338.846802 2342.644284 2346.447899 2350.257658 2354.073572 2357.895649 2361.*calcImport.xml*723900 2365.558336 2369.398966 2373.245800
										 2377.098849 2380.958122 2384.823630 2388.695383 2392.573391 2396.457664 2400.348213 2404.245047 2408.148178 2412.057614 2415.973368 2419.895448 2423.823865 2427.758629 2431.699752 2435.647242
										 2439.601111 2443.561369 2447.528027 2451.501094 2455.480581 2459.466500 2463.458859 2467.457671 2471.462944 2475.474690 2479.492920 2483.517644 2487.548872 2491.586615 2495.630884 2499.681690
										 2503.739042 2507.802953 2511.873431 2515.950489 2520.034137 2524.124386 2528.221246 2532.324728 2536.434843 2540.551602 2544.675016 2548.805095 2552.941851 2557.085294 2561.235435 2565.392286
										 2569.555856 2573.726158 2577.903202 2582.086998 2586.277559 2590.474895 2594.679017 2598.889937 2603.107665 2607.332212 2611.563590 2615.801810 2620.046882 2624.298819 2628.557631 2632.823330
										 2637.095926 2641.375432 2645.661857 2649.955215 2654.255515 2658.562770 2662.876990 2667.198188 2671.526373 2675.861559 2680.203756 2684.552975 2688.909229 2693.272529 2697.642885 2702.020311
										 2706.404816 2710.796414 2715.195114 2719.600930 2724.013872 2728.433953 2732.861184 2737.295576 2741.737141 2746.185892 2750.641839 2755.104995 2759.575371 2764.052979 2768.537831 2773.029939
										 2777.529315 2782.035970 2786.549916 2791.071165 2795.599730 2800.135622 2804.678853 2809.229436 2813.787381 2818.352702 2822.925410 2827.505517 2832.093036 2836.687978 2841.290356 2845.900181
										 2850.517467 2855.142225 2859.774467 2864.414206 2869.061454 2873.716222 2878.378525 2883.048373 2887.725779 2892.410756 2897.103316 2901.803471 2906.511233 2911.226616 2915.949631 2920.680292
										 2925.418610 2930.164597 2934.918268 2939.679634 2944.448707 2949.225501 2954.010028 2958.802301 2963.602332 2968.410134 2973.225720 2978.049102 2982.880293 2987.719306 2992.566154 2997.420850
										 3002.283406 3007.153836 3012.032151 3016.918366 3021.812493 3026.714545 3031.624534 3036.542475 3041.468379 3046.402261 3051.344132 3056.294006 3061.251897 3066.217817 3071.191779 3076.173797
										 3081.163884 3086.162053 3091.168317 3096.182689 3101.205183 3106.235813 3111.274590 3116.321529 3121.376644 3126.439946 3131.511451 3136.591171 3141.679119 3146.775310 3151.879756 3156.992472
										 3162.113470 3167.242765 3172.380369 3177.526297 3182.680562 3187.843178 3193.014158 3198.193517 3203.381267 3208.577423 3213.781998 3218.995007 3224.216462 3229.446378 3234.684769 3239.931648
										 3245.187030 3250.450929 3255.723357 3261.004330 3266.293861 3271.591965 3276.898654 3282.213945 3287.537850 3292.870383 3298.211559 3303.561392 3308.919897 3314.287086 3319.662975 3325.047578
										 3330.440909 3335.842983 3341.253813 3346.673414 3352.101800 3357.538987 3362.984988 3368.439817 3373.903490 3379.376020 3384.857423 3390.347712 3395.846902 3401.355009 3406.872046 3412.398028
										 3417.932970 3423.476886 3429.029792 3434.591701 3440.162629 3445.742591 3451.33160.01	0.01	0.01	0.02	0.02	0.02	0.02	0.02	0.02	0.02	0.02	0.02	0.02	0.02	0.02	0.03	0.02	0.18	0.02	0.01	0.00	0.00	0.00	0.00	0.00	0.00	0.00	0.00	0.00	0.00
					0.00	0.01	0.01	0.01	0.01	0.01	0.01	0.01	0.01	0.01	0.02	0.02	0.02	0.02	0.03	0.03	0.03	0.03	0.03	0.03	0.03	0.03	0.03	0.04	0.04	0.04	0.04	0.04	0.03	0.30	0.02	0.01	0.00	0.00	0.00	0.00	0.00	0.00	0.00	0.00	0.00
					0.01	0.01	0.01	0.01	0.01	0.01	0.01	0.01	0.01	0.01	0.02	0.02	0.03	0.03	0.03	0.04	0.04	0.04	0.04	0.04	0.04	0.04	0.04	0.05	0.05	0.05	0.05	0.05	0.06	0.03	0.45	0.01	0.00	0.00	0.00	0.00	0.00	0.00	0.00	0.00	0.00
					0.01	0.01	0.01	0.01	0.01	0.01	0.01	0.01	0.01	0.02	0.02	0.02	0.03	0.03	0.03	0.04	0.04	0.04	0.04	0.04	0.04	0.04	0.04	0.05	0.05	0.05	0.05	0.05	0.06	0.05	0.02	0.56	0.00	0.00	0.00	0.00	0.00	0.00	0.00	0.00	0.00
					0.00	0.01	0.01	0.01	0.01	0.01	0.01	0.01	0.01	0.01	0.01	0.02	0.02	0.02	0.02	0.03	0.03	0.03	0.03	0.03	0.03	0.03	0.03	0.03	0.04	0.04	0.04	0.04	0.04	0.03	0.02	0.01	0.61	0.00	0.00	0.00	0.00	0.00	0.00	0.00	0.00
					0.00	0.00	0.01	0.00	0.01	0.01	0.01	0.01	0.01	0.01	0.01	0.01	0.02	0.02	0.02	0.02	0.02	0.02	0.02	0.02	0.02	0.02	0.03	0.03	0.03	0.03	0.03	0.03	0.04	0.03	0.02	0.01	0.00	0.63	0.00	0.00	0.00	0.00	0.00	0.00	0.00
					0.00	0.00	0.00	0.00	0.00	0.00	0.01	0.00	0.01	0.01	0.01	0.01	0.01	0.01	0.01	0.02	0.02	0.02	0.02	0.02	0.02	0.02	0.02	0.02	0.02	0.02	0.02	0.02	0.03	0.02	0.01	0.01	0.00	0.00	0.64	0.00	0.00	0.00	0.00	0.00	0.00
					0.00	0.00	0.00	0.00	0.EmissionMatrix.00	0.01	0.01	0.01	0.01	0.01	0.01	0.01	0.01	0.02	0.01	0.01	0.01	0.02	0.02	0.02	0.02	0.02	0.02	0.02	0.02	0.02	0.02	0.01	0.01	0.00	0.00	0.00	0.64	0.00	0.00	0.00	0.00	0.00
					0.00	0.00	0.00	0.00	0.00	0.00	0.00	0.00	0.00	0.00	0.01	0.01	0.01	0.01	0.01	0.01	0.01	0.01	0.01	0.01	0.01	0.01	0.01	0.01	0.01	0.01	0.02	0.01	0.02	0.01	0.01	0.00	0.00	0.00	0.00	0.00	0.64	0.00	0.00	0.00	0.00
					0.00	0.00	0.00	0.00	0.00	0.00	0.00	0.00	0.00	0.00	0.00	0.01	0.01	0.01	0.01	0.01	0.01	0.01	0.01	0.01	0.01	0.01	0.01	0.01	0.01	0.01	0.01	0.01	0.01	0.01	0.01	0.00	0.00	0.00	0.00	0.00	0.00	0.64	0.00	0.00	0.00
					0.00	0.00	0.00	0.00	0.00	0.00	0.00	0.00	0.00	0.00	0.00	0.00	0.00	0.00	0.01	0.00	0.01	0.00	0.00	0.00	0.00	0.01	0.01	0.01	0.01	0.01	0.01	0.01	0.01	0.01	0.01	0.00	0.00	0.00	0.00	0.00	0.00	0.00	0.64	0.00	0.00
					0.00	0.00	0.00	0.00	0.00	0.00	0.00	0.00	0.00	0.00	0.00	0.00	0.00	0.00	0.00	0.00	0.00	0.00	0.00	0.00	0.00	0.00	0.00	0.00	0.00	0.00	0.01	0.01	0.01	0.01	0.00	0.00	0.00	0.00	0.00	0.00	0.00	0.00	0.00	0.65	0.00
					0.00	0.00	0.00	0.00	0.00	0.00	0.00	0.00	0.00	0.00	0.00	0.00	0.00	0.00	0.00	0.00	0.00	0.00	0.00	0.00	0.00	0.00	0.00	0.00	0.00	0.00	0.00	0.01	0.01	0.01	0.00	0.00	0.00	0.00	0.00	0.00	0.00	0.00	0.00	0.00	0.65
			  </Data>
			</float16NumberType>
		  </MemberTags>
		</tagStructureType>
		
	  <tagStructureType>
		  <StructureSignature>nmcl</StructureSignature>
		  <MemberTags>
		    <utf8TextType>
		      <TagSignature>name</TagSignature>
			  <TextData>Neon-Yellow</TextData>
			</utf8TextType>
			<float16NumberType>
			  <TagSignature>spec</TagSignature>
			  <Data>
					0.00	0.00	0.00	0.00	0.00	0.00	0.00	0.00	0.00	0.00	0.06	0.00	0.00	0.00	0.00	0.00	0.00	0.00	0.00	0.00	0.00	0.00	0.00	0.00	0.00	0.00	0.00	0.00	0.00	0.00	0.00	0.00	0.00	0.00	0.00	0.00	0.00	0.00	0.00	0.00	0.00
					0.00	0.00	0.00	0.00	0.00	0.00	0.00	0.00	0.00	0.00	0.00	0.04	0.00	0.00	0.00	0.00	0.00	0.00	0.00	0.00	0.00	0.00	0.00	0.00	0.00	0.00	0.00	0.00	0.01	0.00	0.01	0.00	0.00	0.00	0.00	0.00	0.00	0.00	0.00	0.00	0.00
					0.00	0.00	0.00	0.00	0.00	0.00	0.00	0.00	0.00	0.00	0.00	0.00	0.03	0.00	0.00	0.00	0.00	0.00	0.00	0.00	0.00	0.00	0.00	0.00	0.00	0.00	0.00	0.00	0.01	0.00	0.01	0.00	0.00	0.00	0.00	0.00	0.00	0.00	0.00	0.00	0.00
					0.00	0.00	0.00	0.00	0.00	0.00	0.00	0.00	0.00	0.00	0.00	0.00	0.00	0.03	0.00	0.00	0.00	0.00	0.00	0.00	0.00	0.00	0.00	0.00	0.00	0.00	0.00	0.00	0.01	0.00	0.00	0.00	0.00	0.00	0.00	0.00	0.00	0.00	0.00	0.00	0.00
					0.00	0.00	0.00	0.00	0.00	0.00	0.00	0.00	0.00	0.00	0.00	0.00	0.00	0.00	0.02	0.00	0.00	0.00	0.00	0.00	0.00	0.00	0.00	0.00	0.00	0.00	0.00	0.00	0.01	0.00	0.00	0.00	0.00	0.00	0.00	0.00	0.00	0.00	0.00	0.00	0.00
					0.00	0.00	0.00	0.00	0.00	0.00	0.00	0.00	0.00	0.00	0.00	0.00	0.00	0.00	0.00	0.03	0.00	0.00	0.00	0.00	0.00	0.00	0.00	0.00	0.00	0.00	0.00	0.00	0.00	0.00	0.00	0.00	0.00	0.00	0.00	0.00	0.00	0.00	0.00	0.00	0.00
					0.00	0.00	0.00	0.00	0.00	0.00	0.00	0.00	0.00	0.00	0.00	0.00	0.00	0.00	0.00	0.00	0.04	0.00	0.00	0.00	0.00	0.00	0.00	0.00	0.00	0.00	0.00	0.00	0.00	0.00	0.00	0.00	0.00	0.00	0.00	0.00	0.00	0.00	0.00	0.00	0.00
					0.00	0.00	0.00	0.00	0.00	0.00	0.00	0.00	0.00	0.01	0.01	0.01	0.01	0.01	0.01	0.01	0.00	0.06	0.01	0.00	0.00	0.00	0.00	0.00	0.00	0.00	0.00	0.00	0.00	0.00	0.00	0.00	0.00	0.00	0.00	0.00	0.00	0.00	0.00	0.00	0.00
					0.01	0.00	0.00	0.00	0.00	0.00	0.00	0.01	0.01	0.01	0.02	0.02	0.02	0.02	0.02	0.02	0.02	0.01	0.14	0.01	0.01	0.00	0.00	0.00	0.00	0.00	0.00	0.00	0.00	0.00	0.00	0.00	0.00	0.00	0.00	0.00	0.00	0.00	0.00	0.00	0.00
					0.01	0.01	0.01	0.01	0.00	0.01	0.01	0.02	0.02	0.03	0.03	0.03	0.04	0.04	0.04	0.04	0.04	0.04	0.02	0.28	0.02	0.00	0.00	0.00	0.00	0.00	0.00	0.00	0.00	0.00	0.00	0.00	0.00	0.00	0.00	0.00	0.00	0.00	0.00	0.00	0.00
					0.02	0.02	0.02	0.01	0.01	0.01	0.02	0.03	0.04	0.05	0.06	0.06	0.06	0.06	0.07	0.07	0.07	0.07	0.06	0.03	0.47	0.02	0.00	0.00	0.00	0.00	0.00	0.00	0.00	0.00	0.00	0.00	0.00	0.00	0.00	0.00	0.00	0.00	0.00	0.00	0.00
					0.02	0.0	0.00	0.00	0.00	0.00	0.00	0.00
					0.00	0.00	0.00	0.00	0.00	0.00	0.00	0.00	0.00	0.00	0.00	0.00	0.00	0.00	0*00	0.01	0.01	0.00	0.01	0.01	0.00	0.00	0.00	0.00	0.00	0.00	0.00	0.00	0.00	0.00	0.83	0.00	0.00	0.00	0.00	0.00	0.00	0.00	0.00	0.00	0.00
					0.00	0.00	0.00	0.00	0.00	0.00	0.00	0.00	0.00	0.00	0.00	0.00	0.00	0.00	0.00	0.00	0.00	0.00	0.00	0.00	0.00	0.00	0.00	0.00	0.00	0.00	0.00	0.00	0.00	0.00	0.00	0.84	0.00	0.00	0.00	0.00	0.00	0.00	0.00	0.00	0.00
					0.00	0.00	0.00	0.00	0.00	0.00	0.00	0.00	0.00	0.00	0.00	0.00	0.00	0.00	0.00	0.00	0.00	0.00	0.00	0.00	0.00	0.00	0.00	0.00	0.00	0.00	0.00	0.00	0.00	0.00	0.00	-0.01	0.84	0.00	0.00	0.00	0.00	0.00	0.00	0.00	0.00
					0.00	0.00	0.00	0.00	0.00	0.00	0.00	0.00	0.00	0.00	0.00	0.00	0.00	0.00	0.00	0.00	0.00	0.00	0.00	0.00	0.00	0.00	0.00	0.00	0.00	0.00	0.00	0.00	0.00	0.00	0.00	0.00	-0.01	0.85	0.00	0.00	0.00	0.00	0.00	0.00	0.00
					0.00	0.00	0.00	0.00	0.00	0.00	0.00	0.00	0.00	0.00	0.00	0.00	0.00	0.00	0.00	0.00	0.00	0.00	0.00	0.00	0.00	0.00	0.00	0.00	0.00	0.00	0.00	0.00	0.00	0.00	0.00	0.00	0.00	-0.01	0.85	0.00	0.00	0.00	0.00	0.00	0.00
					0.00	0.00	0.00	0.00	0.00	0.00	0.00	0.00	0.00	0.00	0.00	0.00	0.00	0.00	0.00	0.00	0.00	0.00	0.00	0.00	0.00	0.00	0.00	0.00	0.00	0.00	0.00	0.00	0.00	0.00	0.00	0.00	0.00	0.00	0.00	0.85	0.00	0.00	0.00	0.00	0.00
					0.00	0.00	0.00	0.00	0.00	0.00	0.00	0.00	0.00	0.00	0.00	0.00	0.00	0.00	0.00	0.00	0.00	0.00	0.00	0.00	0.00	0.00	0.00	0.00	0.00	0.00	0.00	0.00	0.00	0.00	0.00	0.00	0.00	0.00	0.00	0.00	0.85	0.00	0.00	0.00	0.00
					0.00	0.00	0.00	0.00	0.00	0.00	0.00	0.00	0.00	0.00	0.00	0.00	0.00	0.00	0.00	0.00	0.00	0.00	0.00	0.00	0.00	0.00	0.00	0.00	0.00	0.00	0.00	0.00	0.00	0.00	0.00	0.00	0.00	0.00	0.00	0.00	0.00	0.84	0.00	0.00	0.00
					0.00	0.00	0.00	0.00	0.00	0.00	0.00	0.00	0.00	0.00	0.00	0.00	0.00	0.00	0.00	0.00	0.00	0.00	0.00	0.00	0.00	0.00	0.00	0.00	0.00	0.00	0.00	0.00	0.00	0.00	0.00	0.00	0.00	0.00	0.00	0.00	0.00	0.00	0.84	0.01	0.00
					0.00	0.00	0.00	0.00	0.00	0.00	0.00	0.00	0.00	0.00	0.00	0.00	0.00	0.00	0.00	0.00	0.00	0.00	0.00	0.00	0.00	0.00	0.00	0.00	0.00	0.00	0.00	0.00	0.00	0.00	0.00	0.00	0.00	0.00	0.00	0.00	0.00	0.00	-0.01	0.85	0.01
					0.00	0.00	0.00	0.00	0.00	0.00	0.00	0.00	0.00	0.00	0.00	0.00	0.00	0.00	0.00	0.00	0.00	0.00	0.00	0.00	0.00	0.00	0.00	0.00	0.00	0.00	0.00	0.00	0.00	0.00	0.00	0.00	0.00	0.00	0.00	0.00	0.00	0.00	0.00	0.00	0.86
			  </Data>
			</float16NumberType>
		  </MemberTags>
		</tagStructureType>
		
	  <tagStructureType>
		  <StructureSignature>nmcl</StructureSignature>
		  <MemberTags>
		    <utf8TextType>
		      <TagSignature>name</TagSignature>
			  <TextData>Brown</TextData>
			</utf8TextType>
			<float16NumberType>
			  <TagSignature>spec</TagSignature>
			  <Data>
					0.00	0.00	0.00	0.00	0.00	0.00	0.00	0.00	0.00	0.00	0.05	0.00	0.00	0.00	0.00	0.00	0.00	0.00	0.00	0.00	0.00	0.00	0.00	0.00	0.00	0.00	0.00	0.00	0.00	0.00	0.00	0.00	0.00	0.00	0.00	0.00	0.00	0.00	0.00	0.00	0.00
					0.00	0.00	0.00	0.00	0.00	0.00	0.00	0.00	0.00	0.00	0.00	0.04	0.00	0.00	0.00	0.00	0.00	0.00	0.00	0.00	0.00	0.00	0.00	0.00	0.00	0.00	0.00	0.00	0.00	0.00	0.01	0.00	0.00	0.00	0.00	0.00	0.00	0.00	0.00	0.00	0.00
					0.00	0.00	0.00	0.00	0.00	0.00	0.00	0.00	0.00	0.00	0.00	0.00	0.04	0.00	0.00	0.00	0.00	0.00	0.00	0.00	0.00	0.00	0.00	0.00	0.00	0.00	0.00	0.00	0.00	0.00	0.00	-0.01	0.00	0.00	0.00	0.00	0.00	0.00	0.00	0.00	0.00
					0.00	0.00	0.00	0.00	0.00	0.00	0.00	0.00	0.00	0.00	0.00	0.00	0.00	0.05	0.00	0.00	0.00	0.00	0.00	0.00	0.00	0.00	0.00	0.00	0.00	0.00	0.00	0.00	0.00	0.00	0.00	0.00	0.00	0.00	0.00	0.00	0.00	0.00	0.00	0.00	0.00
					0.00	0.00	0.00	0.00	0.00	0.00	0.00	0.00	0.00	0.00	0.00	0.00	0.00	0.00	0.05	0.00	0.00	0.00	0.00	0.00	0.00	0.00	0.00	0.00	0.00	0.00	0.00	0.00	0.00	0.00	0.00	0.00	0.00	0.00	0.00	0.00	0.00	0.00	0.00	0.00	0.00
					0.00	0.00	0.00	0.00	0.00	0.00	0.00	0.00	0.00	0.00	0.00	0.00	0.00	0.00	0.00	0.05	0.00	0.00	0.00	0.00	0.00	0.00	0.00	0.00	0.00	0.00	0.00	0.00	0.00	0.00	0.00	0.00	0.00	0.00	0.00	0.00	0.00	0.00	0.00	0.00	0.00
					0.00	0.00	0.00	0.00	0.00	0.00	0.00	0.00	0.00	0.00	0.00	0.00	0.00	0.00	0.00	0.00	0.05	0.00	0.00	0.00	0.00	0.00	0.00	0.00	0.00	0.00	0.00	0.00	0.00	0.00	0.00	0.00	0.00	0.00	0.00	0.00	0.00	0.00	0.00	0.00	0.00
					0.00	0.00	0.00	0.00	0.00	0.00	0.00	0.00	0.00	0.00	0.00	0.00	0.00	0.00	0.00	0.00	0.00	0.05	0.00	0.00	0.00	0.00	0.00	0.00	0.00	0.00	0.00	0.00	0.00	0.00	0.00	0.00	0.00	0.00	0.00	0.00	0.00	0.00	0.00	0.00	0.00
					0.00	0.00	0.00	0.00	0.00	0.00	0.00	0.00	0.00	0.00	0.00	0.00	0.00	0.00	0.00	0.00	0.00	0.00	0.05	0.00	0.00	0.00	0.00	0.00	0.00	0.00	0.00	0.00	0.00	0.00	0.00	0.00	0.00	0.00	0.00	0.00	0.00	0.00	0.00	0.00	0.00
					0.00	0.00	0.00	0.00	0.00	0.00	0.00	0.00	0.00	0.00	0.00	0.00	0.00	0.00	0.00	0.00	0.00	0.00	0.00	0.05	0.00	0.00	0.00	0.00	0.00	0.00	0.00	0.00	0.00	0.00	0.00	0.00	0.00	0.00	0.00	0.00	0.00	0.00	0.00	0.00	0.00
					0.00	0.00	0.00	0.00	0.00	0.00	0.00	0.00	0.00	0.00	0.00	0.00	0.00	0.00	0.00	0.00	0.00	0.00	0.00	0.00	0.05	0.00	0.00	0.00	0.00	0.00	0.00	0.00	0.00	0.00	0.00	0.00	0.00	0.00	0.00	0.00	0.00	0.00	0.00	0.00	0.00
					0.00	0.00	0.00	0.00	0.00	0.00	0.00	0.00	0.00	0.00	0.00	0.00	0.00	0.00	0.00	0.00	0.00	0.00	0.00	0.00	0.00	0.05	0.00	0.00	0.00	0.00	0.00	0.00	0.00	0.00	0.00	0.00	0.00	0.00	0.00	0.00	0.00	0.00	0.00	0.00	0.00
					0.00	0.00	0.00	0.00	0.00	0.00	0.00	0.00	0.00	0.00	0.00	0.00	0.00	0.00	0.00	0.00	0.00	0.00	0.00	0.00	0.00	0.00	0.05	0.00	0.00	0.00	0.00	0.00	0.00	0.00	0.00	0.00	0.00	0.00	0.00	0.00	0.00	0.00	0.00	0.00	0.00
					0.00	0.00	0.00	0.00	0.00	0.00	0.00	0.00	0.00	0.00	0.00	0.00	0.00	0.00	0.00	0.00	0.00	0.00	0.00	0.00	0.00	0.00	0.00	0.06	0.00	0.00	0.00	0.00	0.00	0.00	0.00	0.00	0.00	0.00	0.00	0.00	0.00	0.00	0.00	0.00	0.00
					0.00	0.00	0.00	0.00	0.00	0.00	0.00	0.00	0.00	0.00	0.00	0.00	0.00	0.00	0.00	0.00	0.00	0.00	0.00	0.00	0.00	0.00	0.00	0.00	0.06	0.00	0.00	0.00	0.00	0.00	0.00	0.00	0.00	0.00	0.00	0.00	0.00	0.00	0.00	0.00	0.00
					0.00	0.00	0.00	0.00	0.00	0.00	0.00	0.00	0.00	0.00	0.00	0.00	0.00	0.00	0.00	0.00	0.00	0.00	0.00	0.00	0.00	0.00	0.00	0.00	0.00	0.06	0.00	0.00	0.00	0.00	0.00	0.00	0.00	0.00	0.00	0.00	0.00	0.00	0.00	0.00	0.00
					0.00	0.00	0.00	0.00	0.00	0.00	0.00	0.00	0.00	0.00	0.00	0.00	0.00	0.00	0.00	0.00	0.00	0.00	0.00	0.00	0.00	0.00	0.00	0.00	0.00	0.00	0.07	0.00	0.00	0.00	0.00	0.00	0.00	0.00	0.00	0.00	0.00	0.00	0.00	0.00	0.00
					0.00	0.00	0.00	0.00	0.00	0.00	0.00	0.00	0.00	0.00	0.00	0.00	0.00	0.00	0.00	0.00	0.00	0.00	0.00	0.00	0.00	0.00	0.00	0.00	0.00	0.00	0.00	0.08	0.00	0.00	0.00	0.00	0.00	0.00	0.00	0.00	0.00	0.00	0.00	0.00	0.00
					0.00	0.00	0.00	0.00	0.00	0.00	0.00	0.00	0.00	0.00	0.00	0.00	0.00	0.00	0.00	0.00	0.00	0.00	0.00	0.00	0.00	0.00	0.00	0.00	0.00	0.00	0.00	0.00	0.10	0.00	0.00	0.00	0.00	0.00	0.00	0.00	0.00	0.00	0.00	0.00	0.00
					0.00	0.00	0.00	0.00	0.00	0.00	0.00	0.00	0.00	0.00	0.00	0.00	0.00	0.00	0.00	0.00	0.00	0.00	0.00	0.00	0.00	0.00	0.00	0.00	0.00	0.00	0.00	0.00	0.00	0.11	0.00	0.00	0.00	0.00	0.00	0.00	0.00	0.00	0.00	0.00	0.00
					0.00	0.00	0.00	0.00	0.00	0.00	0.00	0.00	0.00	0.00	0.00	0.00	0.00	0.00	0.00	0.00	0.00	0.00	0.00	0.00	0.00	0.00	0.00	0.00	0.00	0.00	0.00	0.00	0.00	0.00	0.12	0.00	0.00	0.00	0.00	0.00	0.00	0.00	0.00	0.00	0.00
					0.00	0.00	0.00	0.00	0.00	0.00	0.00	0.00	0.00	0.00	0.00	0.00	0.00	0.00	0.00	0.00	0.00	0.00	0.00	0.00	0.00	0.00	0.00	0.00	0.00	0.00	0.00	0.00	0.00	0.00	0.00	0.13	0.00	0.00	0.00	0.00	0.00	0.00	0.00	0.00	0.00
					0.00	0.00	0.00	0.00	0.00	0.00	0.00	0.00	0.00	0.00	0.00	0.00	0.00	0.00	0.00	0.00	0.00	0.00	0.00	0.00	0.00	0.00	0.00	0.00	0.00	0.00	0.00	0.00	0.00	0.00	0.00	0.00	0.14	0.00	0.00	0.00	0.00	0.00	0.00	0.00	0.00
					0.00	0.00	0.00	0.00	0.00	0.00	0.00	0.00	0.00	0.00	0.00	0.00	0.00	0.00	0.00	0.00	0.00	0.00	0.00	0.00	0.00	0.00	0.00	0.00	0.00	0.00	0.00	0.00	0.00	0.00	0.00	0.00	0.00	0.14	0.00	0.00	0.00	0.00	0.00	0.00	0.00
					0.00	0.00	0.00	0.00	0.00	0.00	0.00	0.00	0.00	0.00	0.00	0.00	0.00	0.00	0.00	0.00	0.00	0.00	0.00	0.00	0.00	0.00	0.00	0.00	0.00	0.00	0.00	0.00	0.00	0.00	0.00	0.00	0.00	0.00	0.15	0.00	0.00	0.00	0.00	0.00	0.00
					0.00	0.00	0.00	0.00	0.00	0.00	0.00	0.00	0.00	0.00	0.00	0.00	0.00	0.00	0.00	0.00	0.00	0.00	0.00	0.00	0.00	0.00	0.00	0.00	0.00	0.00	0.00	0.00	0.00	0.00	0.00	0.00	0.00	0.00	0.00	0.15	0.00	0.00	0.00	0.00	0.00
					0.00	0.00	0.00	0.00	0.00	0.00	0.00	0.00	0.00	0.00	0.00	0.00	0.00	0.00	0.00	0.00	0.00	0.00	0.00	0.00	0.00	0.00	0.00	0.00	0.00	0.00	0.00	0.00	0.00	0.00	0.00	0.00	0.00	0.00	0.00	0.00	0.16	0.00	0.00	0.00	0.00
					0.00	0.00	0.00	0.00	0.00	0.00	0.00	0.00	0.00	0.00	0.00	0.00	0.00	0.00	0.00	0.00	0.00	0.00	0.00	0.00	0.00	0.00	0.00	0.00	0.00	0.00	0.00	0.00	0.00	0.00	0.00	0.00	0.00	0.00	0.00	0.00	0.00	0.16	0.00	0.00	0.00
					0.00	0.00	0.00	0.00	0.00	0.00	0.00	0.00	0.00	0.00	0.00	0.00	0.00	0.00	0.00	0.00	0.00	0.00	0.00	0.00	0.00	0.00	0.00	0.00	0.00	0.00	0.00	0.00	0.00	0.00	0.00	0.00	0.00	0.00	0.00	0.00	0.00	0.00	0.17	0.00	0.00
					0.00	0.00	0.00	0.00	0.00	0.00	0.00	0.00	0.00	0.00	0.00	0.00	0.00	0.00	0.00	0.00	0.00	0.00	0.00	0.00	0.00	0.00	0.00	0.00	0.00	0.00	0.00	0.00	0.00	0.00	0.00	0.00	0.00	0.00	0.00	0.00	0.00	0.00	0.00	0.17	0.00
					0.00	0.00	0.00	0.00	0.00	0.00	0.00	0.00	0.00	0.00	0.00	0.00	0.00	0.00	0.00	0.00	0.00	0.00	0.00	0.00	0.00	0.00	0.00	0.00	0.00	0.00	0.00	0.00	0.00	0.00	0.00	0.00	0.00	0.00	0.00	0.00	0.00	0.00	0.00	0.00	0.17
			  </Data>
			</float16NumberType>
		  </MemberTags>
		</tagStructureType>
	  </ArrayTags>
	</tagArrayType>
	
	<spectralViewingConditionsType>
	  <TagSignature>svcn</TagSignature>
      <StdObserver>CIE 1931 standard colorimetric observer</StdObserver>
	  <IlluminantXYZ X="0.96420288" Y="1.00000000" Z="0.82490540"/>
	  <ObserverFuncs start="400" end="700" steps="31">
				0.0143    0.0435    0.1344    0.2839    0.3483    0.3362    0.2908    0.1954    0.0956    0.0320    0.0049    0.0093    0.0633	0.1655    0.2904    0.4335    0.5945    0.7621    0.9163    1.0263    1.0622    1.0026    0.8545    0.6424    0.4479    0.2835	  0.1649    0.0874    0.0468    0.0227    0.0114
				0.0004    0.0012    0.0040    0.0116    0.0230    0.0380    0.0600    0.0910    0.1390    0.2080    0.3230    0.5030    0.7100	0.8620    0.9540    0.9950    0.9950    0.9520    0.8700    0.7570    0.6310    0.5030    0.3810    0.2650    0.1750    0.1070	  0.0610    0.0320    0.0170    0.0082    0.0041
        0.0678    0.2074    0.6456    1.3856    1.7471    1.7721    1.6692    1.2876    0.8129    0.4652    0.2720    0.1582    0.0783	0.0422    0.0203    0.0088    0.0039    0.0021    0.0016    0.0011    0.0008    0.0003    0.0002    0.0001    0.0000    0.0000    0.0000    0.0000    0.0000    0.0000    0.0000
	  </ObserverFuncs>
	  <StdIlluminant>Illuminant D50</StdIlluminant>
	  <ColorTemperature>5000</ColorTemperature>
	  <IlluminantSPD start="400" end="700" steps="31">
		49.2575   56.4613   59.9841   57.7733   74.7760   87.1980   90.5669   91.3286   95.0729   91.9345   95.7008   96.5944   97.1154  102.0889  100.7484  102.3139  100.0000   97.7375   98.9236   93.5102   97.7057   99.2918   99.0679   95.7507   98.8934   95.7054   98.2342  103.0543   99.1850   87.4242   91.6529
	  </IlluminantSPD>
	  <SurroundXYZ X="0.96420288" Y="1.00000000" Z="0.82490540"/>
    </spectralViewingConditionsType>
    
	<XYZType>
      <TagSignature>wtpt</TagSignature>
      <XYZNumber X="0.96420288" Y="1.00000000" Z="0.82490540"/>
    </XYZType>
	
	<float16NumberType>
		<TagSignature>swpt</TagSignature>
		<Data>
			0	0	0	0	0	0	0	0	0	0	1	0	0	0	0	0	0	0	0	0	0	0	0	0	0	0	0	0	0	0	0	0	0	0	0	0	0	0	0	0	0
			0	0	0	0	0	0	0	0	0	0	0	1	0	0	0	0	0	0	0	0	0	0	0	0	0	0	0	0	0	0	0	0	0	0	0	0	0	0	0	0	0
			0	0	0	0	0	0	0	0	0	0	0	0	1	0	0	0	0	0	0	0	0	0	0	0	0	0	0	0	0	0	0	0	0	0	0	0	0	0	0	0	0
			0	0	0	0	0	0	0	0	0	0	0	0	0	1	0	0	0	0	0	0	0	0	0	0	0	0	0	0	0	0	0	0	0	0	0	0	0	0	0	0	0
			0	0	0	0	0	0	0	0	0	0	0	0	0	0	1	0	0	0	0	0	0	0	0	0	0	0	0	0	0	0	0	0	0	0	0	0	0	0	0	0	0
			0	0	0	0	0	0	0	0	0	0	0	0	0	0	0	1	0	0	0	0	0	0	0	0	0	0	0	0	0	0	0	0	0	0	0	0	0	0	0	0	0
			0	0	0	0	0	0	0	0	0	0	0	0	0	0	0	0	1	0	0	0	0	0	0	0	0	0	0	0	0	0	0	0	0	0	0	0	0	0	0	0	0
			0	0	0	0	0	0	0	0	0	0	0	0	0	0	0	0	0	1	0	0	0	0	0	0	0	0	0	0	0	0	0	0	0	0	0	0	0	0	0	0	0
			0	0	0	0	0	0	0	0	0	0	0	0	0	0	0	0	0	0	1	0	0	0	0	0	0	0	0	0	0	0	0	0	0	0	0	0	0	0	0	0	0
			0	0	0	0	0	0	0	0	0	0	0	0	0	0	0	0	0	0	0	1	0	0	0	0	0	0	0	0	0	0	0	0	0	0	0	0	0	0	0	0	0
			0	0	0	0	0	0	0	0	0	0	0	0	0	0	0	0	0	0	0	0	1	0	0	0	0	0	0	0	0	0	0	0	0	0	0	0	0	0	0	0	0
			0	0	0	0	0	0	0	0	0	0	0	0	0	0	0	0	0	0	0	0	0	1	0	0	0	0	0	0	0	0	0	0	0	0	0	0	0	0	0	0	0
			0	0	0	0	0	0	0	0	0	0	0	0	0	0	0	0	0	0	0	0	0	0	1	0	0	0	0	0	0	0	0	0	0	0	0	0	0	0	0	0	0
			0	0	0	0	0	0	0	0	0	0	0	0	0	0	0	0	0	0	0	0	0	0	0	1	0	0	0	0	0	0	0	0	0	0	0	0	0	0	0	0	0
			0	0	0	0	0	0	0	0	0	0	0	0	0	0	0	0	0	0	0	0	0	0	0	0	1	0	0	0	0	0	0	0	0	0	0	0	0	0	0	0	0
			0	0	0	0	0	0	0	0	0	0	0	0	0	0	0	0	0	0	0	0	0	0	0	0	0	1	0	0	0	0	0	0	0	0	0	0	0	0	0	0	0
			0	0	0	0	0	0	0	0	0	0	0	0	0	0	0	0	0	0	0	0	0	0	0	0	0	0	1	0	0	0	0	0	0	0	0	0	0	0	0	0	0
			0	0	0	0	0	0	0	0	0	0	0	0	0	0	0	0	0	0	0	0	0	0	0	0	0	0	0	1	0	0	0	0	0	0	0	0	0	0	0	0	0
			0	0	0	0	0	0	0	0	0	0	0	0	0	0	0	0	0	0	0	0	0	0	0	0	0	0	0	0	1	0	0	0	0	0	0	0	0	0	0	0	0
			0	0	0	0	0	0	0	0	0	0	0	0	0	0	0	0	0	0	0	0	0	0	0	0	0	0	0	0	0	1	0	0	0	0	0	0	0	0	0	0	0
			0	0	0	0	0	0	0	0	0	0	0	0	0	0	0	0	0	0	0	0	0	0	0	0	0	0	0	0	0	0	1	0	0	0	0	0	0	0	0	0	0
			0	0	0	0	0	0	0	0	0	0	0	0	0	0	0	0	0	0	0	0	0	0	0	0	0	0	0	0	0	0	0	1	0	0	0	0	0	0	0	0	0
			0	0	0	0	0	0	0	0	0	0	0	0	0	0	0	0	0	0	0	0	0	0	0	0	0	0	0	0	0	0	0	0	1	0	0	0	0	0	0	0	0
			0	0	0	0	0	0	0	0	0	0	0	0	0	0	0	0	0	0	0	0	0	0	0	0	0	0	0	0	0	0	0	0	0	1	0	0	0	0	0	0	0
			0	0	0	0	0	0	0	0	0	0	0	0	0	0	0	0	0	0	0	0	0	0	0	0	0	0	0	0	0	0	0	0	0	0	1	0	0	0	0	0	0
			0	0	0	0	0	0	0	0	0	0	0	0	0	0	0	0	0	0	0	0	0	0	0	0	0	0	0	0	0	0	0	0	0	0	0	1	0	0	0	0	0
			0	0	0	0	0	0	0	0	0	0	0	0	0	0	0	0	0	0	0	0	0	0	0	0	0	0	0	0	0	0	0	0	0	0	0	0	1	0	0	0
0				0	0	0	0	0	0	0	0	0	0	0	0	0	0	0	0	0	0	0	0	0	0	0	0	0	0	0	0	0	0	0	0	0	0	0	0	0	1	0	0	0
			0	0	0	0	0	0	0	0	0	0	0	0	0	0	0	0	0	0	0	0	0	0	0	0	0	0	0	0	0	0	0	0	0	0	0	0	0	0	1	0	0
			0	0	0	0	0	0	0	0	0	0	0	0	0	0	0	0	0	0	0	0	0	0	0	0	0	0	0	0	0	0	0	0	0	0	0	0	0	0	0	1	0
			0	0	0	0	0	0	0	0	0	0	0	0	0	0	0	0	0	0	0	0	0	0	0	0	0	0	0	0	0	0	0	0	0	0	0	0	0	0	0	0	1
		</Data>
	</float16NumberType>
    
	<multiLocalizedUnicodeType>
      <TagSignature>cprt</TagSignature>
      <LocalizedText LanguageCountry="enUS"><![CDATA[Copyright 2011 International Color Consortium]]></LocalizedText>
    </multiLocalizedUnicodeType>

  </Tags>
</IccProfile>
