<?xml version="1.0" encoding="UTF-8"?>
<IccProfile>
  <Header>
    <PreferredCMMType></PreferredCMMType>
    <ProfileVersion>5.00</ProfileVersion>
    <ProfileDeviceClass>nmcl</ProfileDeviceClass>
    <DataColourSpace></DataColourSpace>
	  <PCS></PCS>
    <CreationDateTime>now</CreationDateTime>
    <ProfileFlags EmbeddedInFile="true" UseWithEmbeddedDataOnly="false"/>
    <DeviceAttributes ReflectiveOrTransparency="reflective" GlossyOrMatte="glossy" MediaPolarity="positive" MediaColour="colour"/>
    <RenderingIntent>Absolute Colorimetric</RenderingIntent>
    <PCSIlluminant>
      <XYZNumber X="0.96420288" Y="1.00000000" Z="0.82490540"/>
    </PCSIlluminant>
    <ProfileCreator></ProfileCreator>
    <ProfileID>1</ProfileID>
		<SpectralPCS>bs04F7</SpectralPCS>
		<SpectralRange>
			<Wavelengths start="400" end="700" steps="31"/>
		</SpectralRange>
		<BiSpectralRange>
			<Wavelengths start="300" end="700" steps="41"/>
		</BiSpectralRange>
  </Header>

  <Tags>
    <multiLocalizedUnicodeType>
      <TagSignature>desc</TagSignature>
      <LocalizedText LanguageCountry="enUS"><![CDATA[Extended Named Color Example]]></LocalizedText>
    </multiLocalizedUnicodeType>
	
	<tagArrayType>
	  <TagSignature>ncl2</TagSignature>
	  <ArraySignature>nmcl</ArraySignature>
	  <ArrayTags>
	  
	    <tagStructureType>
		  <StructureSignature>tnt0</StructureSignature>
		  <MemberTags>
			<float16NumberType>
			  <TagSignature>spec</TagSignature>
			  <Data>
					0	0	0	0	0	0	0	0	0	0	1	0	0	0	0	0	0	0	0	0	0	0	0	0	0	0	0	0	0	0	0	0	0	0	0	0	0	0	0	0	0
					0	0	0	0	0	0	0	0	0	0	0	1	0	0	0	0	0	0	0	0	0	0	0	0	0	0	0	0	0	0	0	0	0	0	0	0	0	0	0	0	0
					0	0	0	0	0	0	0	0	0	0	0	0	1	0	0	0	0	0	0	0	0	0	0	0	0	0	0	0	0	0	0	0	0	0	0	0	0	0	0	0	0
					0	0	0	0	0	0	0	0	0	0	0	0	0	1	0	0	0	0	0	0	0	0	0	0	0	0	0	0	0	0	0	0	0	0	0	0	0	0	0	0	0
					0	0	0	0	0	0	0	0	0	0	0	0	0	0	1	0	0	0	0	0	0	0	0	0	0	0	0	0	0	0	0	0	0	0	0	0	0	0	0	0	0
					0	0	0	0	0	0	0	0	0	0	0	0	0	0	0	1	0	0	0	0	0	0	0	0	0	0	0	0	0	0	0	0	0	0	0	0	0	0	0	0	0
					0	0	0	0	0	0	0	0	0	0	0	0	0	0	0	0	1	0	0	0	0	0	0	0	0	0	0	0	0	0	0	0	0	0	0	0	0	0	0	0	0
					0	0	0	0	0	0	0	0	0	0	0	0	0	0	0	0	0	1	0	0	0	0	0	0	0	0	0	0	0	0	0	0	0	0	0	0	0	0	0	0	0
					0	0	0	0	0	0	0	0	0	0	0	0	0	0	0	0	0	0	1	0	0	0	0	0	0	0	0	0	0	0	0	0	0	0	0	0	0	0	0	0	0
					0	0	0	0	0	0	0	0	0	0	0	0	0	0	0	0	0	0	0	1	0	0	0	0	0	0	0	0	0	0	0	0	0	0	0	0	0	0	0	0	0
					0	0	0	0	0	0	0	0	0	0	0	0	0	0	0	0	0	0	0	0	1	0	0	0	0	0	0	0	0	0	0	0	0	0	0	0	0	0	0	0	0
					0	0	0	0	0	0	0	0	0	0	0	0	0	0	0	0	0	0	0	0	0	1	0	0	0	0	0	0	0	0	0	0	0	0	0	0	0	0	0	0	0
					0	0	0	0	0	0	0	0	0	0	0	0	0	0	0	0	0	0	0	0	0	0	1	0	0	0	0	0	0	0	0	0	0	0	0	0	0	0	0	0	0
					0	0	0	0	0	0	0	0	0	0	0	0	0	0	0	0	0	0	0	0	0	0	0	1	0	0	0	0	0	0	0	0	0	0	0	0	0	0	0	0	0
					0	0	0	0	0	0	0	0	0	0	0	0	0	0	0	0	0	0	0	0	0	0	0	0	1	0	0	0	0	0	0	0	0	0	0	0	0	0	0	0	0
					0	0	0	0	0	0	0	0	0	0	0	0	0	0	0	0	0	0	0	0	0	0	0	0	0	1	0	0	0	0	0	0	0	0	0	0	0	0	0	0	0
					0	0	0	0	0	0	0	0	0	0	0	0	0	0	0	0	0	0	0	0	0	0	0	0	0	0	1	0	0	0	0	0	0	0	0	0	0	0	0	0	0
					0	0	0	0	0	0	0	0	0	0	0	0	0	0	0	0	0	0	0	0	0	0	0	0	0	0	0	1	0	0	0	0	0	0	0	0	0	0	0	0	0
					0	0	0	0	0	0	0	0	0	0	0	0	0	0	0	0	0	0	0	0	0	0	0	0	0	0	0	0	1	0	0	0	0	0	0	0	0	0	0	0	0
					0	0	0	0	0	0	0	0	0	0	0	0	0	0	0	0	0	0	0	0	0	0	0	0	0	0	0	0	0	1	0	0	0	0	0	0	0	0	0	0	0
					0	0	0	0	0	0	0	0	0	0	0	0	0	0	0	0	0	0	0	0	0	0	0	0	0	0	0	0	0	0	1	0	0	0	0	0	0	0	0	0	0
					0	0	0	0	0	0	0	0	0	0	0	0	0	0	0	0	0	0	0	0	0	0	0	0	0	0	0	0	0	0	0	1	0	0	0	0	0	0	0	0	0
					0	0	0	0	0	0	0	0	0	0	0	0	0	0	0	0	0	0	0	0	0	0	0	0	0	0	0	0	0	0	0	0	1	0	0	0	0	0	0	0	0
					0	0	0	0	0	0	0	0	0	0	0	0	0	0	0	0	0	0	0	0	0	0	0	0	0	0	0	0	0	0	0	0	0	1	0	0	0	0clut{0
					0	0	0	0	0	0	0	0	0	0	0	0	0	0	0	0	0	0	0	0	0	0	0	0	0	0	0	0	0	0	0	0	0	0	1	0	0	0	0	0	0
					0	0	0	0	0	0	0	0	0	0	0	0	0	0	0	0	0	0	0	0	0	0	0	0	0	0	0	0	0	0	0	0	0	0	0	1	0	0	0	0	0
					0	0	0	0	0	0	0	0	0	0	0	0	0	0	0	0	0	0	0	0	0	0	0	0	0	0	0	0	0	0	0	0	0	0	0	0	1	0	0	0	0
					0	0	0	0	0	0	0	0	0	0	0	0	0	0	0	0	0	0	0	0	0	0	0	0	0	0	0	0	0	0	0	0	0	0	0	0	0	1	0	0	0
					0	0	0	0	0	0	0	0	0	0	0	0	0	0	0	0	0	0	0	0	0	0	0	0	0	0	0	0	0	0	0	0	0	0	0	0	0	0	1	0	0
					0	0	0	0	0	0	0	0	0	0	0	0	0	0	0	0	0	0	0	0	0	0	0	0	0	0	0	0	0	0	0	0	0	0	0	0	0	0	0	1	0
					0	0	0	0	0	0	0	0	0	0	0	0	0	0	0	0	0	0	0	0	0	0	0	0	0	0	0	0	0	0	000	0.00	0.00	0.00	0.00	0.00	0.00	0.00	0.00	0.00	0.00	0.00	0.00	0.00	0.00	0.00	0.00
					0.02	0.02	0.02	0.01	0.01	0.01	0.02	0.03	0.04	0.05	0.06	0.06	0.06	0.06	0.07	0.07	0.07	0.07	0.06	0.03	0.47	0.02	0.00	0.00	0.00	0.00	0.00	0.00	0.00	0.00	0.00	0.00	0.00	0.00	0.00	0.00	0.00	0.00	0.00	0.00	0.00
					0.02	0.02	0.02	0.01	0.01	0.01	0.02	0.03	0.04	0.05	0.06	0.06	0.07	0.07	0.07	0.08	0.08	0.08	0.07	0.06	0.03	0.64	0.01	0.00	0.00	0.00	0.00	0.00	0.00	0.00	0.00	0.00	0.00	0.00	0.00	0.00	0.00	0.00	0.00	0.00	0.00
					0.02	0.02	0.02	0.01	0.01	0.01	0.02	0.03	0.04	0.05	0.06	0.06	0.06	0.07	0.07	0.07	0.07	0.07	0.07	0.06	0.04	0.01	0.73	0.00	0.00	0.00	0.00	0.00	0.00	0.00	0.00	0.00	0.00	0.00	0.00	0.00	0.00	0.00	0.00	0.00	0.00
					0.02	0.01	0.01	0.01	0.00	0.01	0.01	0.02	0.03	0.04	0.04	0.04	0.05	0.05	0.05	0.05	0.05	0.05	0.05	0.04	0.03	0.01	0.00	0.75	0.00	0.00	0.00	0.00	0.00	0.00	0.00	0.00	0.00	0.00	0.00	0.00	0.00	0.00	0.00	0.00	0.00
					0.01	0.01	0.01	0.01	0.00	0.01	0.01	0.02	0.02	0.03	0.03	0.04	0.04	0.04	0.04	0.04	0.04	0.04	0.04	0.04	0.03	0.01	0.00	0.00	0.76	0.00	0.00	0.00	0	0	0	0	0	0	0	0	0	0	1
			  </Data>
			</float16NumberType>
		  </MemberTags>
		</tagStructureType>
		
	  <tagStructureType>
		  <StructureSignature>nmcl</StructureSignature>
		  <MemberTags>
		    <utf8TextType>
		      <TagSignature>name</TagSignature>
			  <TextData>Neon-Orange</TextData>
			</utf8TextType>
			<float16NumberType>
			  <TagSignature>spec</TagSignature>
			  <Data>
					0.00	0.00	0.00	0.00	0.00	0.00	0.00	0.00	0.00	0.00	0.16	0.00	0.00	0.00	0.00	0.00	0.00	0.00	0.00	0.00	0.00	0.00	0.00	0.00	0.00	0.00	0.00	0.00	0.00	0.00	0.01	0.00	0.00	0.00	0.00	0.00	0.00	0.00	0.00	0.00	0.00
					0.00	0.00	0.00	0.00	0.00	0.00	0.00	0.00	0.00	0.00	0.00	0.13	0.00	0.00	0.00	0.00	0.00	0.00	0.00	0.00	0.00	0.00	0.00	0.00	0.00	0.00	0.00	0.00	0.00	0.01	0.01	0.00	0.00	0.00	0.00	0.00	0.00	0.00	0.00	0.00	0.00
					0.00	0.00	0.00	0.00	0.00	0.00	0.00	0.00	0.00	0.00	0.00	0.00	0.11	0.00	0.00	0.00	0.00	0.00	0.00	0.00	0.00	0.00	0.00	0.00	0.00	0.00	0.00	0.00	0.00	0.00	0.01	0.00	0.00	0.00	0.00	0.00	0.00	0.00	0.00	0.00	0.00
					0.00	0.00	0.00	0.00	0.00	0.00	0.00	0.00	0.00	0.00	0.00	0.00	0.00	0.09	0.00	0.00	0.00	0.00	0.00	0.00	0.00	0.00	0.00	0.00	0.00	0.00	0.00	0.00	0.00	0.00	0.01	0.00	0.00	0.00	0.00	0.00	0.00	0.00	0.00	0.00	0.00
					0.00	0.00	0.00	0.00	0.00	0.00	0.00	0.00	0.00	0.00	0.00	0.00	0.00	0.00	0.08	0.00	0.00	0.00	0.00	0.00	0.00	0.00	0.00	0.00	0.00	0.00	0.00	0.00	0.00	0.00	0.01	0.00	0.00	0.00	0.00	0.00	0.00	0.00	0.00	0.00	0.00
					0.00	0.00	0.00	0.00	0.00	0.00	0.00	0.00	0.00	0.00	0.00	0.00	0.00	0.00	0.00	0.07	0.00	0.00	0.00	0.00	0.00	0.00	0.00	0.00	0.00	0.00	0.00	0.00	0.00	0.00	0.00	0.00	0.00	0.00	0.00	0.00	0.00	0.00	0.00	0.00	0.00
					0.00	0.00	0.00	0.00	0.00	0.00	0.00	0.00	0.00	0.00	0.00	0.00	0.00	0.00	0.00	0.00	0.08	0.00	0.00	0.00	0.00	0.00	0.00	0.00	0.00	0.00	0.00	0.00	0.00	0.00	0.00	0.00	0.00	0.00	0.00	0.00	0.00	0.00	0.00	0.00	0.00
					0.00	0.00	0.00	0.00	0.00	0.00	0.00	0.00	0.00	0.00	0.00	0.00	0.00	0.00	0.00	0.00	0.00	0.08	0.00	0.00	0.00	0.00	0.00	0.00	0.00	0.00	0.00	0.00	0.00	0.00	0.00	0.00	0.00	0.00	0.00	0.00	0.00	0.00	0.00	0.00	0.0-0
					0.00	0.00	0.00	0.00	0.00	0.00	0.00	0.00	0.00	0.00	0.00	0.00	0.00	0.00	0.00	0.00	0.00	0.00	0.10	0.00	0.00	0.00	0.00	0.00	0.00	0.00	0.00	0.00	0.00	0.00	0.00	0.00	0.00	0.00	0.00	0.00	0.00	0.00	0.00	0.00	0.00
					0.00	0.00	0.00	0.00	0.00	0.00	0.00	0.00	0.00	0.00	0.00	0.00	0.00	0.00	0.00	0.00	0.00	0.00	0.00	0.12	0.00	0.00	0.00	0.00	0.00	0.00	0.00	0.00	0.00	0.00	0.00	0.00	0.00	0.00	0.00	0.00	0.00	0.00	0.00	0.00	0.00
					0.00	0.00	0.00	0.00	0.00	0.00	0.00	0.00	0.00	0.00	0.00	0.00	0.00	0.00	0.00	0.00	0.00	0.00	0.00	0.00	0.12	0.00	0.00	0.00	0.00	0.00	0.00	0.00	0.00	0.00	0.00	0.00	0.00	0.00	0.00	0.00	0.00	0.00	0.00	0.00	0.00
					0.00	0.00	0.00	0.00	0.00	0.00	0.00	0.00	0.00	0.00	0.00	0.00	0.00	0.00	0.00	0.00	0.00	0.00	0.00	0.00	0.00	0.11	0.00	0.00	0.00	0.00	0.00	0.00	0.00	0.00	0.00	0.00	0.00	0.00	0.00	0.00	0.00	0.00	0.00	0.00	0.00
					0.00	0.00	0.00	0.00	0.00	0.00	0.00	0.00	0.00	0.00	0.00	0.00	0.00	0.00	0.00	0.00	0.00	0.00	0.00	0.00	0.00	0.00	0.08	0.00	0.00	0.00	0.00	0.00	0.00	0.00	0.00	0.00	0.00	0.00	0.00	0.00	0.00	0.00	0.00	0.00	0.00
					0.00	0.00	0.00	0.00	0.00	0.00	0.00	0.00	0.00	0.00	0.00	0.00	0.00	0.00	0.00	0.00	0.00	0.00	0.00	0.00	0.00	0.00	0.00	0.07	0.00	0.00	0.00	0.00	0.00	0.00	0.00	0.00	0.00	0.00	0.00	0.00	0.00	0.00	0.00	0.00	0.00
					0.00	0.00	0.00	0.00	0.00	0.00	0.00	0.00	0.00	0.00	0.00	0.00	0.00	0.00	0.00	0.00	0.00	0.00	0.00	0.00	0.00	0.00	0.00	0.00	0.06	0.00	0.00	0.00	0.00	0.00	0.00	0.00	0.00	0.00	0.00	0.00	0.00	0.00	0.00	0.00	0.00
					0.00	0.00	0.00	0.00	0.00	0.00	0.00	0.00	0.00	0.00	0.00	0.00	0.00	0.00	0.00	0.00	0.00	0.00	0.00	0.00	0.00	0.00	0.00	0.00	0.00	0.07	0.00	0.00	0.00	0.00	0.00	0.00	0.00	0.00	0.00	0.00	0.00	0.00	0.00	0.00	0.00
					0.00	0.00	0.00	0.00	0.00	0.00	0.00	0.00	0.00	0.00	0.00	0.00	0.00	0.00	0.00	0.00	0.01	0.00	0.00	0.00	0.00	0.00	0.00	0.00	0.00	0.00	0.08	0.00	0.01	0.00	0.00	0.00	0.00	0.00	0.00	0.00	0.00	0.00	0.00	0.00	0.00
					0.00	0.00	0.00	0.00	0.00	0.00	0.00	0.00	0.00	0.00	0.00	0.00	0.01	0.01	0.01	0.01	0.01	0.01	0.01	0.01	0.01	0.01	0.01	0.01	0.01	0.01	0.01	0.11	0.01	0.01	0.00	0.00	0.00	0.00	0.00	0.00	0.00	0.00	0.00	0.00	0.00
					0.00	0.00	0.00	0.00	0.00	0.00	0.01	0.01	0.00	0.01	0.01	0.01	0.01	0.01	0.02	0.02	0.02	0.02	0.02	0.02	0.02	0.02	0.02	0.02	0.02	0.02	0.03	0.02	0.18	0.02	0.01	0.00	0.00	0.00	0.00	0.00	0.00	0.00	0.00	0.00	0.00
					0.00	0.01	0.01	0.01	0.01	0.01	0.01	0.01	0.01	0.01	0.02	0.02	0.02	0.02	0.03	0.03	0.03	0.03	0.03	0.03	0.03	0.03	0.06	0.04	0.04	0.04	0.04	0.04	0.03	0.30	0.02	0.01	0.00	0.00	0.00	0.00	0.00	0.00	0.00	0.00	0.00
					0.01	0.01	0.01	0.01	0.01	0.01	0.01	0.01	0.01	0.01	0.02	0.02	0.03	0.03	0.03	0.04	0.04	0.04	0.04	0.04	0.04	0.04	0.04	0.05	0.05	0.05	0.05	0.05	0.06	0.03	0.45	0.01	0.00	0.00	0.00	0.00	0.00	0.00	0.00	0.00	0.00
					0.01	0.01	0.01	0.01	0.01	0.01	0.01	0.01	0.01	0.02	0.02	0.02	0.03	0.03	0.03	0.04	0.04	0.04	0.04	0.04	0.04	0.04	0.04	0.05	0.05	bMB20.05	0.05	0.05	0.06	0.05	0.02	0.56	0.00	0.00	0.00	0.00	0.00	0.00	0.00	0.00	0.00
					0.00	0.01	0.01	0.01	0.01	0.01	0.01	0.01	0.01	0.01	0.01	0.02	0.02	0.02	0.02	0.03	0.03	0.03	0.03	0.03	0.03	0.03	0.03	0.03	0.04	0.04	0.04	0.04	0.04	0.03	0.02	0.01	0.61	0.00	0.00	0.00	0.00	0.00	0.00	0.00	0.00
					0.00	0.00	0.01	0.00	0.01	0.01	0.01	0.01	0.01	0.01	0.01	0.01	0.02	0.02	0.02	0.02	0.02	0.02	0.02	0.02	0.02	0.02	0.00	0.00	0.00	0.00	0.00	0.00	0.00	0.00	0.00	0.00	0.00	0.00	0.00	0.00	0.00	0.00	0.00	0.00	0.00	0.00	0.00	0.00	0.00	0.00	0.00	0.00	0.00	0.00	0.00	0.00	0.00	0.17	0.00
					0.00	0.00	0.00	0.00	0.00	0.00	0.00	0.00	0.00	0.00	0.00	0.00	0.00	0.00	0.00	0.00	0.00	0.00	0.00	0.00	0.00	0.00	0.00	0.00	0.00	0.00	0.00	0.00	0.00	0.00	0.00	0.00	0.00	0.00	0.00	0.00	0.00	0.00	0.00	0.00	0.17
			  </Data>
			</float16NumberType>
		  </MemberTags>
		</tagStructureType>
	  </ArrayTags>
	</tagArrayType>
	
	<spectralViewingConditionsType>
	  <TagSignature>svcn</TagSignature>
      <StdObserver>CIE 1931 standard colorimetric observer</StdObserver>
	  <IlluminantXYZ X="0.96420288" Y="1.00000000" Z="0.82490540"/>
	  <ObserverFuncs start="400" end="700" steps="31">
				0.0143    0.0435    0.1344    0.2839    0.3483    0.3362    0.2908    0.1954    0.0956    0.0320    0.0049    0.0093    0.0633	0.1655    0.2904    0.4335    0.5945    0.7621    0.9163    1.0263    1.0622    1.0026    0.8545    0.6424    0.4479    0.2835	  0.1649    0.0874    0.0468    0.0227    0.0114
				0.0004    0.0012    0.0040    0.0116    0.0230    0.0380    0.0600    0.0910    0.1390    0.2080    0.3230    0.5030    0.7100	0.8620    0.9540    0.9950    0.9950    0.9520    0.8700    0.7570    0.6310    0.5030    0.3810    0.2650    0.1750    0.1070	  0.0610    0.0320    0.0170    0.0082    0.0041
        0.0678    0.2074    0.6456    1.3856    1.7471    1.7721    1.6692    1.2876    0.8129    0.4652    0.2720    0.1582    0.0783	0.0422    0.0203    0.0088    0.0039    0.0021    0.0016    0.0011    0.0008    0.0003    0.0002    0.0001    0.0000    0.0000    0.0000    0.0000    0.0000    0.0000    0.0000
	  </ObserverFuncs>
	  <StdIlluminant>Illuminant D50</StdIlluminant>
	  <ColorTemperature>5000</ColorTemperature>
	  <IlluminantSPD start="400" end="700" steps="31">
		49.2575   56.4613   59.9841   57.7733   74.7760   87.1980   90.5669   91.3286   95.0729   91.9345   95.7008   96.5944   97.1154  102.0889  100.7484  102.3139  100.0000   97.7375   98.9236   93.5102   97.7057   99.2918   99.0679   95.7507   98.8934   95.7054   98.2342  103.0543   99.1850   87.4242   91.6529
	  </IlluminantSPD>
	  <SurroundXYZ X="0.96420288" Y="1.00000000" Z="0.82490540"/>
    </spectralViewingConditionsType>
    
	<XYZType>
      <TagSignature>wtpt</TagSignature>
      <XYZNumber X="0.96420288" Y="1.00000000" Z="0.82490540"/>
    </XYZType>
	
	<float16NumberType>
		<TagSignature>swpt</TagSignature>
		<Data>
			0	0	0	0	0	0	0	0	0	0	1	0	0	0	0	0	0	0	0	0	0	0	0	0	0	0	0	0	0	0	0	0	0	0	0	0	0	0	0	0	0
			0	0	0	0	0	0	0	0	0	0	0	1	0	0	0	0	0	0	0	0	0	0	0	0	0	0	0	0	0	0	0	0	0	0	0	0	0	0	0	0	0
			0	0	0	0	0	0	0	0	0	0	0	0	1	0	0	0	0	0	0	0	0	0	0	0	0	0	0	0	0	0	0	0	0	0	0	0	0	0	0	0	0
			0	0	0	0	0	0	0	0	0	0	0	0	0	1	0	0	0	0	0	0	0	0	0	0	0	0	0	0	0	0	0	0	0	0	0	0	0	0	0	0	0
			0	0	0	0	0	0	0	0	0	0	0	0	0	0	1	0	0	0	0	0	0	0	0	0	0	0	0	0	0	0	0	0	0	0	0	0	0	0	0	0	0
			0	0	0	0	0	0	0	0	0	0	0	0	0	0	0	1	0	0	0	0	0	0	0	0	0	0	0	0	0	0	0	0	0	0	0	0	0	0	0	0	0
			0	0	0	0	0	0	0	0	0	0	0	0	0	0	0	0	1	0	0	0	0	0	0	0	0	0	0	0	0	0	0	0	0	0	0	0	0	0	0	0	0
			0	0	0	0	0	0	0	0	0	0	0	0	0	0	0	0	0	1	0	0	0	0	0	0	0	0	0	0	0	0	0	0	0	0	0	0	0	0	0	0	0
			0	0	0	0	0	0	0	0	0	0	0	0	0	0	0	0	0	0	1	0	0	0	0	0	0	0	0	0	0	0	0	0	0	0	0	0	0	0	0	0	0
			0	0	0	0	0	0	0	0	0	0	0	0	0	0	0	0	0	0	0	1	0	0	0	0	0	0	0	0	0	0	0	0	0	0	0	0	0	0	0	0	0
			0	0	0	0	0	0	0	0	0	0	0	0	0	0	0	0	0	0	0	0	1	0	0	0	0	0	0	0	0	0	0	0	0	0	0	0	0	0	0	0	0
			0	0	0	0	0	0	0	0	0	0	0	0	0	0	0	0	0	0	0	0	0	1	0	0	0	0	0	0	0	0	0	0	0	0	0	0	0	0	0	0	0
			0	0	0	0	0	0	0	0	0	0	0	0	0	0	0	0	0	0	0	0	0	0	1	0	0	0	0	0	0	0	0	0	0	0	0	0	0	0	0	0	0
			0	0	0	0	0	0	0	0	0	0	0	0	0	0	0	0	0	0	0	0	0	0	0	1	0	0	0	0	0	0	0	0	0	0	0	0	0	0	0	0	0
			0	0	0	0	0	0	0	0	0	0	0	0	0	0	0	0	0	0	0	0	0	0	0	0	1	0	0	0	0	0	0	0	0	0	0	0	0	0	0	0	0
			0	0	0	0	0	0	0	0	0	0	0	0	0	0	0	0	0	0	0	0	0	0	0	0	0	1	0	0	0	0	0	0	0	0	0	0	0	0	0	0	0
			0	0	0	0	0	0	0	0	0	0	0	0	0	0	0	0	0	0	0	0	0	0	0	0	0	0	1	0	0	0	0	0	0	0	0	0	0	0	0	0	0
			0	0	0	0	0	0	0	0	0	0	0	0	0	0	0	0	0	0	0	0	0	0	0	0	0	0	0	1	0	0	0	0	0	0	0	0	0	0	0	0	0
			0	0	0	0	0	0	0	0	0	0	0	0	0	0	0	0	0	0	0	0	0	0	0	0	0	0	0	0	1	0	0	0	0	0	0	0	0	0	0	0	0
			0	0	0	0	0	0	0	0	0	0	0	0	0	0	0	0	0	0	0	0	0	0	0	0	0	0	0	0	0	1	0	0	0	0	0	0	0	0	0	0	0
			0	0	0	0	0	0	0	0	0	0	0	0	0	0	0	0	0	0	0	0	0	0	0	0	0	0	0	0	0	0	1	0	0	0	0	0	0	0	0	0	0
			0	0	0	0	0	0	0	0	0	0	0	0	0	0	0	0	0	0	0	0	0	0	0	0	0	0	0	0	0	0	0	1	0	0	0	0	0	0	0	0	0
			0	0	0	0	0	0	0	0	0	0	48.303888 48.392072 48.480354 48.568735 48.657216 48.745795 48.834473 48.923250
								 49.012127 49.101103 49.190179 49.279354 49.368629 49.458003 49.547478 49.637052 49.726726 49.816500 49.906375 49.996350 50.086425 50.176600 50.266876 50.357253
								 50.447730 50.538309 50.628988 50.719768 50.810649 50.901631 50.992715 51.083899 51.175186 51.266573 51.358063 51.449654 51.541347 51.633141 51.725038 51.817037
								 51.909138 52.001341 52.093646 52.186054 52.278564 52.371177 52.463893 52.556711 52.649632 52.742657 52.835784 52.929014 53.022348 53.115784 53.209325 53.302968
								 53.396716 53.490567 53.584522 53.678580 53.772743 53.867009 53.961380 54.055855 54.150434 54.245118 54.339906 54.434799 54.529796 54.624899 54.720106 54.815418
								 54.910835 55.006357 55.101984 55.197717 55.293555 55.389499 55.485548 55.581703 55.677963 55.774330 55.870802 55.967381 56.064065 56.160856 56.257753 56.354757
								 56.451867 56.549084 56.646407 56.743837 56.841375 56.939019 57.036770 57.134628 57.232593 57.330666 57.428846 57.527134 57.625530 57.724033 57.822644 57.921362
								 58.020189 58.119124 58.218167 58.317318 58.416578 58.515946 58.615423 58.715008 58.814702 58.914505 59.014416 59.114437 59.214567 59.314806 59.415154 59.515612
								 59.616179 59.716856 59.817642 59.918538 60.019544 60.120660 60.221886 60.323222 60.424669 60.526225 60.627892 60.729670 60.831558 60.933557 61.035666 61.137887
								 61.240218 61.342661 61.445214 61.547879 61.650655 61.753543 61.856542 61.959653 62.062876 62.166210 62.269656 62.373215 62.476885 62.580668 62.684563 62.788570
								 62.892690 62.996922 63.101267 63.205725 63.310295 63.414979 63.519775 63.624685 63.729708 63.834844 63.940094 64.045457 64.150934 64.256525 64.362229 64.468047
								 64.573979 64.680026 64.786186 64.892461 64.998850 65.105354 65.211972 65.318705 65.425552 65.532515 65.639592 65.746784 65.854092 65.961515 66.069053 66.176706
								 66.284475 66.392360 66.500360 66.608476 66.716708 66.825056 66.933520 67.042100 67.150797 67.259610 67.368539 67.477585 67.586748 67.696027 67.805423 67.914936
								 68.024567 68.134314 68.244178 68.354160 68.464260 68.574476 68.684811 68.795263 68.905833 69.016521 69.127327 69.238251 69.349293 69.460453 69.571732 69.683129
								 69.794645 69.906280 70.018033 70.129905 70.241896 70.354006 70.466236 70.578584 70.691052 70.803639 70.916346 71.029173 71.142119 71.255185 71.368371 71.481677
								 71.595103 71.708650 71.822316 71.936103 72.050011 72.164039 72.278188 72.392457 72.506848 72.621359 72.735992 72.850746 72.965621 73.080617 73.195735 73.310974
								 73.426335 73.541818 73.657423 73.773149 73.888998 74.004969 74.121062 74.237277 74.353615 74.470075 74.586658 74.703364 74.820192 74.937144 75.054218 75.171416
								 75.288736 75.406180 75.523748 75.641439 75.759253 75.877191 75.995253 76.113439 76.231749 76.350183 76.468741 76.587423 76.706230 76.825161 76.944216 77.063397
								 77.182702 77.302132 77.421687 77.541367 77.661172 77.781102 77.901158 78.021339 78.141645 78.262078 78.382635 78.503319 78.624129 78.745065 78.866126 78.987314
								 79.108629 79.230069 79.351636 79.473330 79.595151 79.717098 79.839172 79.961373 80.083701 80.206157 80.328739 80.451449 80.574287 80.697252 80.820344 80.943565
								 81.066913 81.190389 81.313993 81.437726 81.561586 81.685575 81.809693 81.933939 82.058313 82.182816 82.307448 82.432209 82.557099 82.682119 82.807267 82.932545
								 83.057952 83.183488 83.309154 83.434950 83.560876 83.686931 83.813116 83.939432 84.065878 84.192454 84.319160 84.445997 84.572964 84.700062 84.827291 84.954650
								 85.082141 85.209763 85.337515 85.465399 85.593415 85.721561 85.849839 85.978249 86.106791 86.235464 86.364270 86.493207 86.622276 86.751478 86.880812 87.010278
								 87.139877 87.269608 87.399472 87.529469 87.659599 87.789862 87.920257 88.050786 88.181448 88.312244 88.443173 88.574235 88.705432 88.836761 88.968225 89.099823
								 89.231555 89.363420 89.495420 89.627555 89.759824 89.892227 90.024765 90.157437 90.290245 90.423187 90.556264 90.689476 90.822824 90.956307 91.089925 91.223678
								 91.357568 91.491592 91.625753 91.760049 91.894482 92.029050 92.163755 92.298596 92.433573 92.568686 92.703936 92.839323 92.974846 93.110506 93.246303 93.382237
								 93.518308 93.654517 93.790862 93.927345 94.063966 94.200724 94.337619 94.474653 94.611824 94.749133 94.886580 95.024166 95.161889 95.299751 95.437752 95.575890
								 95.714168 95.852584 95.991139 96.129833 96.268666 96.407637 96.546748 96.685999 96.825388 96.964918 97.104586 97.244395 97.384343 97.524431 97.664658 97.805026
								 97.945534 98.086182 98.226971 98.367900 98.508969 98.650179 98.791530 98.933021 99.074653 99.216426 99.358341 99.500396 99.642593 99.784931 99.927410 100.070031
								 100.212794 100.355698 100.498744 100.641932 100.785262 100.928734 101.072348 101.216104 101.360003 101.504044 101.648228 101.792554 101.937024 102.081636 102.226390 102.371288
								 102.516329 102.661513 102.806841 102.952312 103.097926 103.243684 103.389585 103.535631 103.681820 103.828153 103.974630 104.121251 104.268016 104.414926 104.561980 104.709178
								 104.856521 105.004009 105.151642 105.299419 105.447341 105.595409 105.743621 105.891979 106.040481 106.189130 106.337924 106.486863 106.635948 106.785179 106.934555 107.084078
								 107.233747 107.383561 107.533522 107.683629 107.833883 107.984283 108.134830 108.285523 108.436363 108.587350 108.738484 108.889765 109.041193 109.192768 109.344490 109.496360
								 109.648377 109.800542 109.952855 110.105315 110.257923 110.410679 110.563583 110.716635 110.869835 111.023184 111.176681 111.330326 111.484120 111.638062 111.792154 111.946394
								 112.100782 112.255320 112.410007 112.564843 112.719829 112.874963 113.030247 113.185681 113.341264 113.496997 113.652880 113.808912 113.965095 114.121427 114.277910 114.434542
								 114.591326 114.748259 114.905343 115.062577 115.219963 115.377498 115.535185 115.693023 115.851011 116.009151 116.167442 116.325884 116.484477 116.643222 116.802118 116.961166
								 117.120365 117.279717 117.439220 117.598875 117.758682 117.918641 118.078753 118.239016 118.399432 118.560001 118.720722 118.881595 119.042622 119.203801 119.365133 119.526617
								 119.688255 119.850046 120.011991 120.174088 120.336339 120.498743 120.661301 120.824013 120.986878 121.149897 121.313070 121.476397 121.639878 121.803513 121.967302 122.131245
								 122.295343 122.459595 122.624002 122.788564 122.953280 123.118151 123.283176 123.448357 123.613693 123.779184 123.944830 124.110631 124.276588 124.442700 124.608968 124.775391
								 124.941970 125.108704 125.275595 125.442641 125.609844 125.777202 125.944717 126.112388 126.280215 126.448199 126.616339 126.784636 126.953089 127.121699 127.290466 127.459390
								 127.628470 127.797708 127.967103 128.136655 128.306364 128.476231 128.646255 128.816437 128.986776 129.157273 129.327928 129.498740 129.669710 129.840839 130.012125 130.183570
								 130.355172 130.526933 130.698853 130.870931 131.043167 131.215562 131.388116 131.560828 131.733699 131.906729 132.079919 132.253267 132.426774 132.600441 132.774266 132.948252
								 133.122396 133.296700 133.471164 133.645787 133.820570 133.995513 134.170616 134.345879 134.521302 134.696885 134.872628 135.048531 135.224595 135.400819 135.577203 135.753748
								 135.930454 136.107321 136.284348 136.461536 136.638885 136.816395 136.994066 137.171898 137.349891 137.528046 137.706362 137.884839 138.063478 138.242279 138.421241 138.600365
								 138.779650 138.959098 139.138707 139.318479 139.498412 139.678508 139.858766 140.039186 140.219768 140.400513 140.581420 140.762490 140.943723 141.125118 141.306676 141.488397
								 141.670281 141.852327 142.034537 142.216910 142.399446 142.582145 142.765008 142.948034 143.131224 143.314577 143.498093 143.681773 143.865617 144.049625 144.233797 144.418132
								 144.602632 144.787295 144.972123 145.157115 145.342271 145.527591 145.713076 145.898725 146.084539 146.270517 146.456661 146.642968 146.829441 147.016078 147.202880 147.389848
								 147.576980 147.764277 147.951740 148.139368 148.327161 148.515119 148.703243 148.891532 149.079987 149.268608 149.457394 149.646346 149.835463 150.024747 150.214196 150.403812
								 150.593593 150.783541 150.973654 151.163934 151.354381 151.544993 151.735772 151.926718 152.117830 152.309108 152.500554 152.692166 152.883944 153.075890 153.268002 153.460282
								 153.652728 153.845342 154.038122 154.231070 154.424185 154.617467 154.810917 155.004534 155.198319 155.392271 155.586391 155.780678 155.975133 156.169756 156.364546 156.559505
								 156.754631 156.949926 157.145388 157.341019 157.536818 157.732784 157.928920 158.125223 158.321695 158.518335 158.715144 158.912121 159.109267 159.306582 159.504065 159.701717
								 159.899538 160.097528 160.295687 160.494014 160.692511 160.891176 161.090011 161.289015 161.488188 161.687531 161.887043 162.086724 162.286575 162.486595 162.686784 162.887144
								 163.087673 163.288371 163.489240 163.690278 163.891486 164.092864 164.294411 164.496129 164.698017 164.900075 165.102303 165.304701 165.507270 165.710009 165.912918 166.115997
								 166.319247 166.522668 166.726258 166.930020 167.133952 167.338055 167.542328 167.746773 167.951388 168.156173 168.361130 168.566258 168.771557 168.977026 169.182667 169.388479
								 169.594462 169.800616 170.006942 170.213439 170.420107 170.626946 170.833957 171.041140 171.248494 171.456019 171.663716 171.871585 172.079625 172.287838 172.496222 172.704777
								 172.913505 173.122404 173.331476 173.540719 173.750135 173.959722 174.169482 174.379413 174.589517 174.799793 175.010241 175.220862 175.431655 175.642620 175.853758 176.065068
								 176.276551 176.488206 176.700034 176.912034 177.124207 177.336553 177.549071 177.761762 177.974626 178.187663 178.400873 178.614255 178.827811 179.041539 179.255440 179.469515
								 179.683762 179.898183 180.112777 180.327544 180.542484 180.757597 180.972884 181.188344 181.403977 181.619784 181.835764 182.051917 182.268244 182.484745 182.701419 182.918267
								 183.135288 183.352483 183.569851 183.787393 184.005109 184.222999 184.441062 184.659300 184.877711 185.096296 185.315055 185.533988 185.753095 185.972375 186.191830 186.411459
								 186.631262 186.851239 187.071391 187.291716 187.512215 187.732889 187.953737 188.174760 188.395956 188.617327 188.838872 189.060592 189.282486 189.504555 189.726798 189.949215
								 190.171807 190.394573 190.617514 190.840630 191.063920 191.287385 191.511024 191.734838 191.958827 192.182990 192.407329 192.631842 192.856529 193.081392 193.306429 193.531642
								 193.757029 193.982591 194.208328 194.434239 194.660326 194.886588 195.113025 195.339636 195.566423 195.793385 196.020522 196.247834 196.475321 196.702983 196.930820 197.158833
								 197.387020 197.615383 197.843921 198.072634 198.301523 198.530587 198.759826 198.989240 199.218830 199.448595 199.678535 199.908651 200.138942 200.369408 200.600050 200.830867
								 201.061860 201.293028 201.524371 201.755890 201.987585 202.219455 202.451500 202.683721 202.916118 203.148690 203.381437 203.614360 203.847459 204.080733 204.314183 204.547809
								 204.781610 205.015587 205.249739 205.484067 205.718571 205.953250 206.188105 206.423136 206.658342 206.893724 207.129282 207.365016 207.600925 207.837010 208.073271 208.309707
								 208.546319 208.783107 209.020071 209.257210 209.494526 209.732017 209.969683 210.207526 210.445544 210.683739 210.922109 211.160654 211.399376 211.638273 211.877347 212.116596
								 212.356021 212.595621 212.835398 213.075350 213.315478 213.555782 213.796262 214.036918 214.277749 214.518757 214.759940 215.001299 215.242834 215.484544 215.726431 215.968493
								 216.210731 216.453146 216.695735 216.938501 217.181443 217.424560 217.667853 217.911322 218.154967 218.398788 218.642784 218.886956 219.131304 219.375828 219.620528 219.865403
								 220.110454 220.355681 220.601084 220.846663 221.092417 221.338347 221.584453 221.830734 222.077192 222.323825 222.570634 222.817618 223.064778 223.312114 223.559626 223.807313
								 224.055176 224.303215 224.551429 224.799819 225.048384 225.297125 225.546042 225.795135 226.044403 226.293846 226.543466 226.793260 227.043231 227.293376 227.543698 227.794195
								 228.044867 228.295715 228.546739 228.797937 229.049312 229.300861 229.552587 229.804487 230.056563 230.308815 230.561241 230.813843 231.066621 231.319574 231.572702 231.826005
								 232.079484 232.333138 232.586967 232.840971 233.095151 233.349506 233.604035 233.858741 234.113621 234.368676 234.623907 234.879312 235.134893 235.390648 235.646579 235.902685
								 236.158965 236.415421 236.672052 236.928857 237.185837 237.442993 237.700323 237.957828 238.215508 238.473362 238.731391 238.989595 239.247974 239.506528 239.765256 240.024159
								 240.283236 240.542488 240.801915 241.061516 241.321292 241.581242 241.841367 242.101666 242.362140 242.622788 242.883610 243.144607 243.405778 243.667123 243.928643 244.190337
								 244.452205 244.714247 244.976463 245.238854 245.501418 245.764157 246.027070 246.290157 246.553418 246.816852 247.080461 247.344243 247.608200 247.872330 248.136634 248.401112
								 248.665763 248.930589 249.195588 249.460760 249.726106 249.991626 250.257319 250.523186 250.789226 251.055440 251.321827 251.588388 251.855122 252.122029 252.389109 252.656363
								 252.923790 253.191390 253.459163 253.727109 253.995229 254.263521 254.531986 254.800625 255.069436 255.338420 255.607577 255.876907 256.146409 256.416084 256.685932 256.955953
								 257.226146 257.496511 257.767050 258.037760 258.308643 258.579699 258.850927 259.122327 259.393900 259.665644 259.937561 260.209651 260.481912 260.754345 261.026951 261.299728
								 261.572677 261.845798 262.119092 262.392556 262.666193 262.940002 263.213982 263.488133 263.762457 264.036952 264.311618 264.586456 264.861465 265.136646 265.411998 265.687521
								 265.963216 266.239081 266.515118 266.791326 267.067705 267.344255 267.620976 267.897868 268.174930 268.452164 268.729568 269.007143 269.284889 269.562805 269.840892 270.119149
								 270.397577 270.676175 270.954943 271.233882 271.512991 271.792271 272.071720 272.351340 272.631129 272.911089 273.191218 273.471518 273.751987 274.032626 274.313435 274.594414
								 274.875562 275.156879 275.438367 275.720023 276.001849 276.283845 276.566010 276.848344 277.130847 277.413519 277.696361 277.979371 278.262551 278.545899 278.829416 279.113102
								 279.396957 279.680980 279.965172 280.249533 280.534062 280.818760 281.103626 281.388660 281.673862 281.959233 282.244772 282.530479 282.816354 283.102397 283.388608 283.674987
								 283.961534 284.248248 284.535130 284.822180 285.109397 285.396782 285.684334 285.972053 286.259940 286.547994 286.836215 287.124604 287.413159 287.701882 287.990771 288.279827
								 288.569050 288.858440 289.147996 289.437719 289.727609 290.017665 290.307887 290.598276 290.888831 291.179552 291.470439 291.761493 292.052712 292.344098 292.635649 292.927366
								 293.219249 293.511298 293.803512 294.095891 294.388436 294.681147 294.974023 295.267064 295.560270 295.853642 296.147179 296.440880 296.734747 297.028778 297.322974 297.617335
								 297.911860 298.206550 298.501405 298.796424 299.091607 299.386955 299.682466 299.978142 300.273982 300.569986 300.866154 301.162486 301.458981 301.755641 302.052464 302.349450
								 302.646600 302.943913 303.241390 303.539030 303.836833 304.134799 304.432928 304.731220 305.029676 305.328293 305.627074 305.926017 306.225123 306.524392 306.823822 307.123416
								 307.423171 307.723089 308.023168 308.323410 308.623814 308.924379 309.225107 309.525996 309.827047 310.128259 310.429633 310.731168 311.032865 311.334723 311.636742 311.938922
								 312.241263 312.543765 312.846428 313.149252 313.452237 313.755382 314.058687 314.362153 314.665780 314.969566 315.273513 315.577620 315.881887 316.186314 316.490901 316.795648
								 317.100555 317.405621 317.710846 318.016231 318.321776 318.627479 318.933342 319.239364 319.545546 319.851886 320.158385 320.465042 320.771859 321.078834 321.385968 321.693260
								 322.000710 322.308319 322.616086 322.924010 323.232093 323.540334 323.848733 324.157290 324.466004 324.774876 325.083905 325.393092 325.702436 326.011937 326.321595 326.631411
								 326.941383 327.251512 327.561798 327.872241 328.182840 328.493596 328.804509 329.115577 329.426802 329.738183 330.049720 330.361414 330.673263 330.985267 331.297428 331.609744
								 331.922216 332.234843 332.547625 332.860563 333.173656 333.486904 333.800307 334.113864 334.427577 334.741444 335.055466 335.369643 335.683973 335.998459 336.313098 336.627891
								 336.942839 337.257941 337.573196 337.888605 338.204168 338.519884 338.835754 339.151777 339.467954 339.784284 340.100766 340.417402 340.734191 341.051133 341.368227 341.685474
								 342.002873 342.320425 342.638129 342.955986 343.273994 343.592155 343.910467 344.228932 344.547548 344.866316 345.185235 345.504306 345.823528 346.142901 346.462426 346.782102
								 347.101928 347.421906 347.742034 348.062313 348.382742 348.703322 349.024053 349.344933 349.665964 349.987145 350.308476 350.629956 350.951587 351.273367 351.595296 351.917376
								 352.239604 352.561982 352.884509 353.207185 353.530010 353.852984 354.176106 354.499378 354.822797 355.146366 355.470082 355.793947 356.117960 356.442121 356.766430 357.090887
								 357.415492 357.740244 358.065144 358.390191 358.715385 359.040727 359.366216 359.691852 360.017635 360.343564 360.669640 360.995863 361.322233 361.648748 361.975410 362.302219
								 362.629173 362.956273 363.283519 363.610911 363.938448 364.266131 364.593960 364.921934 365.250053 365.578317 365.906726 366.235280 366.563979 366.892822 367.221811 367.550943
								 367.880220 368.209641 368.539207 368.868916 369.198770 369.528767 369.858908 370.189193 370.519621 370.850192 371.180907 371.511765 371.842766 372.173910 372.505197 372.836627
								 373.168199 373.499914 373.831771 374.163771 374.495912 374.828196 375.160622 375.493190 375.825899 376.158751 376.491743 376.824878 377.158153 377.491570 377.825128 378.158826
								 378.492666 378.826647 379.160768 379.495030 379.829432 380.163974 380.498657 380.833480 381.168443 381.503545 381.838788 382.174170 382.509692 382.845353 383.181153 383.517093
								 383.853172 384.189390 384.525746 384.862242 385.198876 385.535649 385.872560 386.209609 386.546797 386.884123 387.221586 387.559188 387.896927 388.234804 388.572818 388.910970
								 389.249259 389.587686 389.926249 390.264949 390.603787 390.942761 391.281871 391.621118 391.960502 392.300021 392.639677 392.979469 393.319397 393.659460 393.999660 394.339995
								 394.680465 395.021071 395.361812 395.702688 396.043699 396.384845 396.726126 397.067541 397.409091 397.750775 398.092594 398.434547 398.776634 399.118855 399.461209 399.803698
								 400.146320 400.489075 400.831964 401.174987 401.518142 401.861430 402.204852 402.548406 402.892092 403.235912 403.579863 403.923948 404.268164 404.612512 404.956993 405.301605
								 405.646349 405.991224 406.336231 406.681370 407.026640 407.372041 407.717572 408.063235 408.409029 408.754953 409.101008 409.447193 409.793509 410.139955 410.486531 410.833237
								 411.180072 411.527038 411.874133 412.221357 412.568711 412.916194 413.263807 413.611548 413.959418 414.307417 414.655545 415.003801 415.352185 415.700698 416.049339 416.398109
								 416.747006 417.096030 417.445183 417.794463 418.143871 418.493406 418.843068 419.192857 419.542773 419.892816 420.242986 420.593283 420.943706 421.294255 421.644931 421.995732
								 422.346660 422.697714 423.048893 423.400198 423.751629 424.103185 424.454866 424.806673 425.158604 425.510660 425.862842 426.215148 426.567578 426.920133 427.272812 427.625616
								 427.978543 428.331595 428.684770 429.038069 429.391492 429.745038 430.098707 430.452500 430.806416 431.160455 431.514616 431.868901 432.223308 432.577837 432.932489 433.287263
								 433.642159 433.997177 434.352318 434.707580 435.062963 435.418468 435.774095 436.129842 436.485711 436.841701 437.197812 437.554044 437.910396 438.266869 438.623462 438.980175
								 439.337009 439.693963 440.051036 440.408230 440.765543 441.122976 441.480528 441.838199 442.195990 442.553900 442.911928 443.270076 443.628342 443.986727 444.345230 444.703852
								 445.062591 445.421449 445.780425 446.139518 446.498730 446.858059 447.217505 447.577069 447.936750 448.296548 448.656463 449.016495 449.376643 449.736908 450.097290 450.457788
								 450.818402 451.179133 451.539979 451.900941 452.262019 452.623213 452.984522 453.345946 453.707486 454.069140 454.430910 454.792795 455.154794 455.516908 455.879137 456.241480
								 456.603937 456.966508 457.329193 457.691992 458.054905 458.417932 458.781072 459.144325 459.507692 459.871172 460.234765 460.598470 460.962289 461.326220 461.690263 462.054419
								 462.418688 462.783068 463.147561 463.512165 463.876881 464.241709 464.606648 464.971699 465.336861 465.702134 466.067518 466.433013 466.798619 467.164335 467.530162 467.896100
								 468.262148 468.628305 468.994573 469.360951 469.727439 470.094036 470.460743 470.827559 471.194484 471.561519 471.928663 472.295915 472.663277 473.030747 473.398325 473.766012
								 474.133808 474.501711 474.869723 475.237842 475.606069 475.974404 476.342847 476.711397 477.080054 477.448818 477.817690 478.186668 478.555753 478.924945 479.294243 479.663648
								 480.033159 480.402777 480.772500 481.142329 481.512264 481.882305 482.252452 482.622703 482.993061 483.363523 483.734090 484.104763 484.475540 484.846421 485.217408 485.588499
								 485.959694 486.330993 486.702397 487.073904 487.445515 487.817230 488.189049 488.560970 488.932996 489.305124 489.677356 490.049690 490.422127 490.794668 491.167310 491.540055
								 491.912903 492.285852 492.658904 493.032058 493.405313 493.778670 494.152129 494.525690 494.899351 495.273114 495.646978 496.020943 496.395009 496.769175 497.143443 497.517810
								 497.892278 498.266846 498.641515 499.016283 499.391151 499.766119 500.141187 500.516354 500.891620 501.266986 501.642450 502.018014 502.393677 502.769438 503.145298 503.521257
								 503.897314 504.273469 504.649722 505.026074 505.402523 505.779070 506.155714 506.532456 506.909296 507.286233 507.663267 508.040398 508.417626 508.794950 509.172372 509.549890
								 509.927504 510.305215 510.683021 511.060924 511.438923 511.817017 512.195208 512.573493 512.951875 513.330351 513.708923 514.087589 514.466351 514.845208 515.224159 515.603205
								 515.982345 516.361580 516.740908 517.120331 517.499848 517.8794590	0	0	0	0	0	0	0	0	0	0	0	0	0	0	0	0	0	0	0	0	0	1	0	0	0	0	0	0	0	0
			0	0	0	0	0	0	0	0	0	0	0	0	0	0	0	0	0	0	0	0	0	0	0	0	0	0	0	0	0	0	0	0	0	1	0	0	0	0	0	0	0
			0	0	0	0	0	0	0	0	0	0	0	0	0	0	0	0	0	0	0	0	0	0	0	0	0	0	0	0	0	0	0	0	0	0	1	0	0	0	0	0	0
			0	0	0	0	0	0	0	0	0	0	0	0	0	0	0	0	0	0	0	0	0	0	0	0	0	0	0	0	0	0	0	0	0	0	0	1	0	0	0	0	0
			0	0	0	0	0	0	0	0	0	0	0	0	0	0	0	0	0	0	0	0	0	0	0	0	0	0	0	0	0	0	0	0	0	0	0	0	1	0	0	0	0
			0	0	0	0	0	0	0	0	0	0	0	0	0	0	0	0	0	0	0	0	0	0	0	0	0	0	0	0	0	0	0	0	0	0	0	0	0	1	0	0	0
			0	0	0	0	0	0	0	0	0	0	0	0	0	0	0	0	0	0	0	0	0	0	0	0	0	0	0	0	0	0	0	0	0	0	0	0	0	0	1	0	0
			0	0	0	0	0	0	0	0	0	0	0	0	0	0	0	0	0	0	0	0	0	0	0	0	0	0	0	0	0	0	0	0	0	0	0	0	0	0	0	1	0
			0	0	0	0	0	0	0	0	0	0	0	0	0	0	0	0	0	0	0	0	0	0	0	0	0	0	0	0	0	0	0	0	0	0	0	0	0	0	0	0	1
		</Data>
	</float16NumberType>
    
	<multiLocalizedUnicodeType>
      <TagSignature>cprt</TagSignature>
      <LocalizedText LanguageCountry="enUS"><![CDATA[Copyright 2011 International Color Consortium]]></LocalizedText>
    </multiLocalizedUnicodeType>

  </Tags>
</IccProfile>
