<?xml version="1.0" encoding="UTF-8"?>
<IccProfile>
  <Header>
    <PreferredCMMType></PreferredCMMType>
    <ProfileVersion>5.00</ProfileVersion>
    <ProfileDeviceClass>link</ProfileDeviceClass>
    <DataColourSpace>RGB </DataColourSpace>
    <PCS>RGB </PCS>
    <CreationDateTime>now</CreationDateTime>
    <ProfileFlags EmbeddedInFile="true" UseWithEmbeddedDataOnly="false"/>
    <DeviceAttributes ReflectiveOrTransparency="reflective" GlossyOrMatte="glossy" MediaPolarity="positive" MediaColour="colour"/>
    <RenderingIntent>Relative Colorimetric</RenderingIntent>
    <PCSIlluminant>
      <XYZNumber X="0.84127808" Y="1.00000000" Z="0.96372986"/>
    </PCSIlluminant>
    <ProfileCreator></ProfileCreator>
    <ProfileID>DBCAE0DE4318E1AD0D2F70F71CFB2463</ProfileID>
	<ProfileDeviceSubClass>GSDF</ProfileDeviceSubClass>
  </Header>
  <Tags>
    <multiLocalizedUnicodeType>
      <TagSignature>desc</TagSignature>
      <LocalizedText LanguageCountry="enUS"><![CDATA[RGB GSDF device link JND steps to Monitor drive values using 'ambL' CMM environment variable]]></LocalizedText>
    </multiLocalizedUnicodeType>
    <multiProcessElementType>
      <TagSignature>A2B0</TagSignature>
      <MultiProcessElements InputChannels="3" OutputChannels="3">
				<CalculatorElement InputChannels="3" OutputChannels="3" InputNames="Red Green Blue">
					<SubElements>
						<!--elem{ApplyGSDF> -->
					  <CalculatorElement Name="ApplyGSDF" InputChannels="1" OutputChannels="1" InputNames="inputJND">
							<SubElements>
								<!--curve{LogLtoJND} converts Log base 10 luminance to JND value -->
								<CurveSetElement Name="LogLtoJND" InputChannels="1" OutputChannels="1">
									<SingleSampledCurve Start="-infinity" End="+infinity" FirstEntry="-1.30118770000000" LastEntry="3.60133515578040" StorageType="0" ExtensionType="0">
											 1.000000 1.028504 1.057170 1.085997 1.114982 1.144123 1.173416 1.202861 1.232454 1.262193 1.292075 1.322099 1.352261 1.382559 1.412991 1.443554
											 1.474246 1.505065 1.536008 1.567072 1.598256 1.629556 1.660971 1.692497 1.724133 1.755876 1.787724 1.819674 1.851723 1.883870 1.916112 1.948446
											 1.980870 2.013382 2.045979 2.078659 2.111419 2.144257 2.177170 2.210156 2.243213 2.276339 2.309529 2.342784 2.376099 2.409472 2.442902 2.476385
											 2.509919 2.543502 2.577131 2.610804 2.644519 2.678272 2.712062 2.745886 2.779742 2.813627 2.847540 2.881476 2.915434 2.9494)13 2.983408 3.017418
											 3.051442 3.085480 3.119535 3.153606 3.187695 3.221803 3.255930 3.290077 3.324246 3.358436 3.392650 3.426887 3.461150 3.495438 3.529753 3.564095
											 3.598466 3.632867 3.667297 3.701759 3.736253 3.770780 3.805341 3.839937 3.874568 3.909236 3.943942 3.978686 4.013469 4.048293 4.083156 4.118059
											 4.153002 4.187986 4.223009 4.258073 4.293177 4.328321 4.363505 4.398729 4.433994 4.469299 4.504644 4.540030 4.575456 4.610923 4.646430 4.681977
											 4.717566 4.753194 4.788864 4.824574 4.860324 4.896116 4.931948 4.967821 5.003735 5.039689 5.075685 5.111722 5.147800 5.183920 5.220082 5.256286
											 5.292532 5.328821 5.365152 5.401527 5.437944 5.474404 5.510908 5.547456 5.584047 5.620683 5.657362 5.694087 5.730856 5.767669 5.804528 5.841432
											 5.878381 5.915377 5.952417 5.989504 6.026638 6.063817 6.101043 6.138316 6.175635 6.213002 6.250415 6.287875 6.325382 6.362936 6.400537 6.438186
											 6.475883 6.513626 6.551418 6.589257 6.627144 6.665080 6.703063 6.741094 6.779174 6.817302 6.855478 6.893703 6.931977 6.970300 7.008671 7.047091
											 7.085561 7.124079 7.162647 7.201264 7.239930 7.278647 7.317412 7.356228 7.395093 7.434008 7.472973 7.511989 7.551054 7.590170 7.629336 7.668553
											 7.707820 7.747138 7.786507 7.825926 7.865397 7.904919 7.944492 7.984116 8.023791 8.063518 8.103296 8.143127 8.183008 8.222942 8.262927 8.302964
											 8.343053 8.383195 8.423388 8.463634 8.503932 8.544282 8.584685 8.625140 8.665648 8.706209 8.746822148.945652 149.213472 149.481733 149.750435 150.019579
										 150.289166 150.559196 150.829670 151.100589 151.371954 151.643765 151.916023 152.188728 152.461882 152.735485 153.009538 153.284041 153.558996 153.834402 154.110262 154.386574
										 154.663341 154.940563 155.218240 155.496373 155.774964 156.054012 156.333518 156.613484 156.893910 157.174796 157.456144 157.737954 158.020227 158.302963 158.586163 158.869829
										 159.153960 159.438558 159.723624 160.009157 160.295159 160.581631 160.868572 161.155985 161.443870 161.732227 162.021057 162.310361 162.600140 162.890395 163.181126 163.472333
										 163.764019 164.056183 164.348827 164.641950 164.935554 165.229640 165.524208 165.819260 166.114795 166.410815 166.707320 167.004312 167.301790 167.599756 167.898211 168.197155
										 168.496589 168.796514 169.096930 169.397839 169.699241 170.001137 170.303528 170.606414 170.909797 171.213677 171.518055 171.822931 172.128307 172.434183 172.740560 173.047439
										 173.354821 173.662706 173.971096 174.279991 174.589391 174.899298 175.209713 175.520636 175.832068 176.144010 176.456462 176.769426 177.082903 177.396893 177.711396 178.026415
										 178.341949 178.657999 178.974567 179.291652 179.609257 179.927381 180.246026 180.565193 180.884881 181.205092 181.525828 181.847088 182.168873 182.491185 182.814024 183.137391
										 183.461287 183.785713 184.110669 184.436157 184.762177 185.088730 185.415816 185.743438 186.071595 186.400289 186.729520 187.059289 187.389598 187.720446 188.051835 188.383765
										 188.716239 189.049255 189.382816 189.716921 190.051573 190.386771 190.722517 191.058812 191.395656 191.733050 192.070996 192.409493 192.748543 193.088148 193.428307 193.769021
										 194.110292 194.452120 194.794506 195.137452 195.480957 195.825023 196.169652 196.514842 196.860597 197.206915 197.553799 197.901250 198.249267 198.597853 198.947007 199.296731
										 199.647026 199.997893 200.349332 200.701345 201.053932 201.407095 201.760833 202.115149 202.470043 202.825516 203.181568 203.538202 203.895417 204.253215 204.611596 204.970562
										 205.330114 205.690252 206.050977 206.412290 206.774193 207.136685 207.499769 207.863445 208.227713 208.592576 208.958033 209.324086 209.690736 210.057984 210.425830 210.794275
										 211.163321 211.532969 211.903219 212.274072 212.645530 213.017593 213.390262 213.763539 214.137423 214.511917 214.887021 215.262736 215.639063 216.016004 216.393558 216.771727
										 217.150512 217.529914 217.909934 218.290573 218.671832 219.053712 219.436214 219.819338 220.203086 220.587459 220.972458 221.358084 221.744338 222.131220 222.518733 222.906876
										 223.295651 223.685058 224.075100 224.465776 224.857089 225.249038 225.641625 226.034851 226.428717 226.823223 227.218372 227.614164 228.010600 228.407680 228.805407 229.203781
										 229.602803 230.002474 230.402795 230.803767 231.205392 231.607670 232.010602 232.414189 232.818433 233.223335 233.628894 234.035114 234.441994 234.849535 235.257739 235.666607
										 236.076140 236.486338 236.897204 237.308737 237.720940 238.133812 238.547356 238.961572 239.376461 239.792024 240.208263 240.625179 241.042772 241.461044 241.879995 242.299627
										 242.719941 243.140939 243.562620 243.984986 244.408039 244.831779 245.256207 245.681325 246.107134 246.533634 246.960827 247.388714 247.817297 248.246575 248.676550 249.107224
										 249.538598 249.970671 250.403447 250.836925 251.271108 251.705995 252.141589 252.577890 253.014899 253.452618 253.891047 254.330188 254.770043 255.210611 255.651895 256.093894
										 256.536612 256.980048 257.424203 257.869080 258.314679 258.761001 259.208047 259.655819 260.104317 260.553544 261.003499 261.454184 261.905601 262.357750 262.810633 263.264251
										 263.718605 264.173695 264.629524 265.086093 265.543402 266.001453 266.460247 266.919786 267.380069 267.841100 268.302878 268.765405 269.228682 269.692710 270.157491 270.623026
										 271.089316 271.556362 272.024165 272.492726 272.962048 273.432130 273.902975 274.374583 274.846956 275.320094 275.793999 276.268673 276.744116 277.220330 277.697316 278.175075
										 278.653608 279.132917 279.613003 280.093867 280.575510 281.057934 281.541140 282.025129 282.509902 282.995460 283.481806 283.968939 284.456862 284.945575 285.435080 285.925378
										 286.416471 286.908359 287.401044 287.894528 288.388810 288.883894 289.379779 289.876467 290.373961 290.872259 291.371365 291.871280 292.372004 292.873539 293.375886 293.879047
										 294.383022 294.887814 295.393423 295.899851 296.407099 296.915168 297.424060 297.933775 298.444316 298.955684 299.467880 299.980904 300.494760 301.009447 301.524967 302.041322
										 302.558513 303.076540 303.595407 304.115113 304.635660 305.157050 305.679284 306.202363 306.726288 307.251061 307.776684 308.303157 308.830482 309.358661 309.887694 310.417583
				orageType="0" ExtensionType="0">
											 1.000000 1.028504 1.057170 1.085997 1.114982 1.144123 1.173416 1.202861 1.232454 1.262193 1.292075 1.322099 1.352261 1.382559 1.412991 1.443554
											 1.474246 1.505065 1.536008 1.567072 1.598256 1.629556 1.660971 1.692497 1.724133 1.755876 1.787724 1.819674 1.851723 1.883870 1.916112 1.948446
											 1.980870 2.013382 2.045979 2.078659 2.111419 2.144257 2.177170 2.210156 2.243213 2.276339 2.309529 2.342784 2.376099 2.409472 2.442902 2.476385
											 2.509919 2.543502 2.577131 2.610804 2.644519 2.678272 2.712062 2.745886 2.779742 2.813627 2.847540 2.881476 2.915434 2.9494)13 2.983408 3.017418
											 3.051442 3.085480 3.119535 3.153606 3.187695 3.221803 3.255930 3.290077 3.324246 3.358436 3.392650 3.426887 3.461150 3.495438 3.529753 3.564095
											 3.598466 3.632867 3.667297 3.701759 3.736253 3.770780 3.805341 3.839937 3.874568 3.909236 3.943942 3.978686 4.013469 4.048293 4.083156 4.118059
											 4.153002 4.187986 4.223009 4.258073 4.293177 4.328321 4.363505 4.398729 4.433994 4.469299 4.504644 4.540030 4.575456 4.610923 4.646430 4.681977
											 4.717566 4.753194 4.788864 4.824574 4.860324 4.896116 4.931948 4.967821 5.003735 5.039689 5.075685 5.111722 5.147800 5.183920 5.220082 5.256286
											 5.292532 5.328821 5.365152 5.401527 5.437944 5.474404 5.510908 5.547456 5.584047 5.620683 5.657362 5.694087 5.730856 5.767669 5.804528 5.841432
											 5.878381 5.915377 5.952417 5.989504 6.026638 6.063817 6.101043 6.138316 6.175635 6.213002 6.250415 6.287875 6.325382 6.362936 6.400537 6.438186
											 6.475883 6.513626 6.551418 6.589257 6.627144 6.665080 6.703063 6.741094 6.779174 6.817302 6.855478 6.893703 6.931977 6.970300 7.008671 7.047091
											 7.085561 7.124079 7.162647 7.201264 7.239930 7.278647 7.317412 7.356228 7.395093 7.434008 7.472973 7.511989 7.551054 7.590170 7.629336 7.668553
											 7.707820 7.747138 7.786507 7.825926 7.865397 7.904919 7.944492 7.984116 8.023791 8.063518 8.103296 8.143127 8.183008 8.222942 8.262927 8.302964
											 8.343053 8.383195 8.423388 8.463634 8.503932 8.544282 8.584685 8.625140 8.665648 8.706209 8.746822148.945652 149.213472 149.481733 149.750435 150.019579
										 150.289166 150.559196 150.829670 151.100589 151.371954 151.643765 151.916023 152.188728 152.461882 152.735485 153.009538 153.284041 153.558996 153.834402 154.110262 154.386574
										 154.663341 154.940563 155.218240 155.496373 155.774964 156.054012 156.333518 156.613484 156.893910 157.174796 157.456144 157.737954 158.020227 158.302963 158.586163 158.869829
										 159.153960 159.438558 159.723624 160.009157 160.295159 160.581631 160.868572 161.155985 161.443870 161.732227 162.021057 162.310361 162.600140 162.890395 163.181126 163.472333
										 163.764019 164.056183 164.348827 164.641950 164.935554 165.229640 165.524208 165.819260 166.114795 166.410815 166.707320 167.004312 167.301790 167.599756 167.898211 168.197155
										 168.496589 168.796514 169.096930 169.397839 169.699241 170.001137 170.303528 170.606414 170.909797 171.213677 171.518055 171.822931 172.128307 172.434183 172.740560 173.047439
										 173.354821 173.662706 173.971096 174.279991 174.589391 174.899298 175.209713 175.520636 175.832068 176.144010 176.456462 176.769426 177.082903 177.396893 177.711396 178.026415
										 178.341949 178.657999 178.974567 179.291652 179.609257 179.927381 180.246026 180.565193 180.884881 181.205092 181.525828 181.847088 182.168873 182.491185 182.814024 183.137391
										 183.461287 183.785713 184.110669 184.436157 184.762177 185.088730 185.415816 185.743438 186.071595 186.400289 186.729520 187.059289 187.389598 187.720446 188.051835 188.383765
										 188.716239 189.049255 189.382816 189.716921 190.051573 190.386771 190.722517 191.058812 191.395656 191.733050 192.070996 192.409493 192.748543 193.088148 193.428307 193.769021
										 194.110292 194.452120 194.794506 195.137452 195.480957 195.825023 196.169652 196.514842 196.860597 197.206915 197.553799 197.901250 198.249267 198.597853 198.947007 199.296731
										 199.647026 199.997893 200.349332 200.701345 201.053932 201.407095 201.760833 202.115149 202.470043 202.825516 203.181568 203.538202 203.895417 204.253215 204.611596 204.970562
										 205.330114 205.690252 206.050977 206.412290 206.774193 207.136685 207.499769 207.863445 208.227713 208.592576 208.958033 209.324086 209.690736 210.057984 210.425830 210.794275
										 211.163321 211.532969 211.903219 212.274072 212.645530 213.017593 213.390262 213.763539 214.137423 214.511917 214.887021 215.262736 215.639063 216.016004 216.393558 216.771727
										 217.150512 217.529914 217.909934 218.290573 218.671832 219.053712 219.436214 219.819338 220.203086 220.587459 220.972458 221.358084 221.744338 222.131220 222.518733 222.906876
										 223.295651 223.685058 224.075100 224.465776 224.857089 225.249038 225.641625 226.034851 226.428717 226.823223 227.218372 227.614164 228.010600 228.407680 228.805407 229.203781
										 229.602803 230.002474 230.402795 230.803767 231.205392 231.607670 232.010602 232.414189 232.818433 233.223335 233.628894 234.035114 234.441994 234.849535 235.257739 235.666607
										 236.076140 236.486338 236.897204 237.308737 237.720940 238.133812 238.547356 238.961572 239.376461 239.792024 240.208263 240.625179 241.042772 241.461044 241.879995 242.299627
										 242.719941 243.140939 243.562620 243.984986 244.408039 244.831779 245.256207 245.681325 246.107134 246.533634 246.960827 247.388714 247.817297 248.246575 248.676550 249.107224
										 249.538598 249.970671 250.403447 250.836925 251.271108 251.705995 252.141589 252.577890 253.014899 253.452618 253.891047 254.330188 254.770043 255.210611 255.651895 256.093894
										 256.536612 256.980048 257.424203 257.869080 258.314679 258.761001 259.208047 259.655819 260.104317 260.553544 261.003499 261.454184 261.905601 262.357750 262.810633 263.264251
										 263.718605 264.173695 264.629524 265.086093 265.543402 266.001453 266.460247 266.919786 267.380069 267.841100 268.302878 268.765405 269.228682 269.692710 270.157491 270.623026
										 271.089316 271.556362 272.024165 272.492726 272.962048 273.432130 273.902975 274.374583 274.846956 275.320094 275.793999 276.268673 276.744116 277.220330 277.697316 278.175075
										 278.653608 279.132917 279.613003 280.093867 280.575510 281.057934 281.541140 282.025129 282.509902 282.995460 283.481806 283.968939 284.456862 284.945575 285.435080 285.925378
										 286.416471 286.908359 287.401044 287.894528 288.388810 288.883894 289.379779 289.876467 290.373961 290.872259 291.371365 291.871280 292.372004 292.873539 293.375886 293.879047
										 294.383022 294.887814 295.393423 295.899851 296.407099 296.915168 297.424060 297.933775 298.444316 298.955684 299.467880 299.980904 300.494760 301.009447 301.524967 302.041322
										 302.558513 303.076540 303.595407 304.115113 304.635660 305.157050 305.679284 306.202363 306.726288 307.251061 307.776684 308.303157 308.830482 309.358661 309.887694 310.417583
										 310.948330 311.479935 312.012400 312.545727 313.079917 313.614971 314.150891 314.687677 315.225332 315.763857 316.303253 316.843521 317.384664 317.926681 318.469576 319.013348
										 319.558000 320.103533 320.649948 321.197247 321.745431 322.294502 322.844460 323.395308 323.947047 324.499678 325.053202 325.607622 326.162938 326.719151 327.276265 327.834279
										 328.393195 328.953015 329.513739 330.075371 330.637910 331.201359 331.765718 332.330990 332.897176 333.464277 334.032294 334.601230 335.171085 335.741861 336.313560 336.886183
										 337.459731 338.034207 338.609610 339.185944 339.763209 340.341407 340.920539 341.500607 342.081612 342.663556 343.246441 343.830267 344.415037 345.000751 345.587412 346.175021
										 346.763579 347.353088 347.943549 348.534964 349.127335 349.720662 350.314948 350.910194 351.506402 352.103573 352.701708 353.300809 353.900878 354.501916 355.103925 355.706907
										 356.310862 356.915792 357.521700 358.128586 358.736452 359.345300 359.955131 360.565946 361.177748 361.790538 362.404318 363.019088 363.634852 364.251609 364.869362 365.488113
										 366.107863 366.728613 367.350366 367.973122 368.596883 369.221652 369.847429 370.474217 371.102016 371.730829 372.360656 372.991501 373.623363 374.256246 374.890150 375.525077
										 376.161029 376.798008 377.436014 378.075050 378.715118 379.356219 379.998354 380.641525 381.285735 381.930984 382.577274 383.224607 383.872985 384.522409 385.172881 385.824403
										 386.476975 387.130601 387.785282 388.441018 389.097813 389.755667 390.414583 391.074562 391.735605 392.397715 393.060893 393.725141 394.390461 395.056853 395.724321 396.392865
										 397.062488 397.733191 398.404976 399.077845 399.751798 400.426839 401.102969 401.780189 402.458501 403.137908 403.818410 404.500009 405.182708 405.866508 406.551411 407.237418
										 407.924531 408.612753 409.302084 409.992527 410.684083 411.376754 412.070543 412.765450 413.461477 414.158627 414.856901 415.556300 416.256827 416.958484 417.661272 418.365193
										 419.070249 419.776442 420.483773 421.192244 421.901858 422.612615 423.324518 424.037569 424.751770 425.467121 426.183626 426.901286 427.620102 428.340077 429.061213 429.783511
										 430.506973 431.231601 431.957397 432.684363 433.412501 434.141812 434.872298 435.603962 436.336805 437.070829 437.806036 438.542428 439.280006 440.018773 440.*RefEstimationImport.xml*758731 441.499881
										 442.242225 442.985765 443.730504 444.476442 445.223583 445.971927 446.721478 447.472236 448.224203 448.977382 449.731775 450.487383 451.244209 452.002253 452.761519 453.522009
										 454.283723 455.046665 455.810836 456.576238 457.342873 458.110742 458.879849 459.650195 460.421782 461.194612 461.968686 462.744008 463.520578 464.298399 465.077473 465.857802
										 466.639388 467.422233 468.206338 468.991707 469.778340 470.566241 471.355410 472.145850 472.937564 473.730552 474.524818 475.320363 476.117189 476.915298 477.714692 478.515374
										 479.317345 480.120608 480.925164 481.731016 482.538165 483.346614 484.156365 484.967420 485.779781 486.593450 487.408429 488.224720 489.042326 489.861248 490.681488 491.503049
										 492.325934 493.150142 493.975678 494.802543 495.630740 496.460269 497.291134 498.123337 498.956880 499.791764 500.627992 501.465567 502.304490 503.144764 503.986390 504.829371
										 505.673709 506.519407 507.366465 508.214887 509.064675 509.915831 510.768357 511.622255 512.477527 513.334177 514.192205 515.051614 515.912406 516.774584 517.638149 518.503105
										 519.369453 520.237194 521.106333 521.976870 522.848809 523.722151 524.596898 525.473053 526.350618 527.229596 528.109988 528.991797 529.875024 530.759674 531.645747 532.533246
										 533.422173 534.312530 535.204320 536.097546 536.992208 537.888311 538.785855 539.684843 540.585279 541.487163 542.390498 543.295286 544.201531 545.109234 546.018397 546.929023
										 541.841114 548.754673 549.669702 550.586203 551.504178 552.423631 553.344563 554.266976 555.190874 556.116258 557.043130 557.971494 558.901352 559.832705 560.765557 561.699909
										 562.635765 563.573126 564.511995 565.452375 566.394267 567.337675 568.282600 569.229046 570.177013 571.126506 572.077526 573.030076 573.984159 574.939776 575.896930 576.855624
										 577.815859 578.777640 579.740967 580.705845 581.672274 582.640257 583.609798 584.580898 585.553560 586.527786 587.503580 588.480943 589.459878 590.440387 591.422474 592.406140
										 593.391388 594.378220 595.366640 596.356650 597.348252 598.341448 599.336242 600.332636 601.330633 602.330234 603.331443 604.334262 605.338694 606.344742 607.352407 608.361693
										 609.372601 610.385136 611.399299 612.415093 613.432520 614.451584 615.472286 616.494629 617.518617 618.544252 619.571535 620.600471 621.631061 622.663309 623.697216 624.732786
										 625.770021 626.808924 627.849497 628.891744 629.935667 630.981268 632.028551 633.077517 634.128170 635.180513 636.234548 637.290277 638.347704 639.406832 640.467662 641.530198
										 642.594442 643.660397 644.728067 645.797453 646.868558 647.941386 649.015938 650.092219 651.170229 652.249973 653.331453 654.414672 655.499632 656.586336 657.674788 658.764990
										 659.856944 660.950654 662.046122 663.143352 664.242346 665.343106 666.445636 667.549939 668.656017 669.763873 670.873510 671.984932 673.098140 674.213137 675.329927 676.448513
										 677.568897 678.691082 679.815071 680.940866 682.068472 683.197891 684.329125 685.462177 686.597051 687.733750 688.872276 690.012632 691.154821 692.298846 693.444710 694.592417
										 695.741968 696.893367 698.046617 699.201721 700.358682 701.517503 702.678186 703.840735 705.005153 706.171443 707.339607 708.509649 709.681572 710.855379 712.031073 713.208656
										 714.388132 715.569505 716.752776 717.937949 719.125027 720.314014 721.504911 722.697723 723.892452 725.089102 726.287675 727.488175 728.690604 729.894966 731.101264 732.309500
										 733.519679 734.731803 735.945875 737.161899 738.379877 739.599813 740.821710 742.045571 743.271399 744.499197 745.728969 746.960717 748.194446 749.430157 750.667854 751.907541
										 753.149220 754.392895 755.638569 756.886245 758.135926 759.387616 760.641318 761.897034 763.154770 764.414526 765.676307 766.940117 768.205957 769.473833 770.743746 772.015700
										 773.289698 774.565744 775.843841 777.123992 778.406201 779.690470 780.976803 782.265204 783.555676 784.848222 786.142845 787.439549 788.738337 790.039213 791.342179 792.647239
										 793.954397 795.263656 796.575019 797.888490 799.204072 800.521768 801.841582 803.163517 804.487576 805.813764 807.142083 808.472538 809.805130 811.139864 812.476743 813.815771
										 815.156951 816.500287 817.845781 819.193438 820.543261 821.895253 823.249419 824.605760 825.964282 827.324987 828.687879 830.052961 831.420237 832.789711 834.161385 835.535264
										 836.911352 838.289651 839.670165 841.052897 8429403 1139.160569 1141.024727 1142.891883 1144.762041
										 1146.635207 1148.511385 1150.390579 1152.272796 1154.158039 1156.046314 1157.937625 1159.831978 1161.729377 1163.629827 1165.533334 1167.439901 1169.349535 1171.262239 1173.178019 1175.096880
										 1177.018828 1178.943865 1180.871999 1182.803233 1184.737574 1186.675025 1188.615592 1190.559280 1192.506093 1194.456038 1196.409119 1198.365341 1200.324709 1202.287228 1204.252903 1206.221740
										 1208.193744 1210.168919 1212.147271 1214.128804 1216.113525 1218.101438 1220.092548 1222.086861 1224.084381 1226.085114 1228.089066 1230.096240 1232.106643 1234.120279 1236.137155 1238.157274
										 1240.180643 1242.207266 1244.237149 1246.270297 1248.306716 1250.346410 1252.389385 1254.435647 1256.485199 1258.538049 1260.594201 1262.653661 1264.716433 1266.782524 1268.851938 1270.924681
										 1273.000759 1275.080176 1277.162938 1279.249051 1281.338520 1283.431350 1285.527547 1287.627116 1289.730063 1291.836392 1293.946111 1296.059223 1298.175736 1300.295653 1302.418981 1304.545724
										 1306.675890 1308.809482 1310.946507 1313.086971 1315.230878 1317.378234 1319.529046 1321.683317 1323.841055 1326.002265 1328.166952 1330.335122 1332.506780 1334.681932 1336.860585 1339.042743
										 1341.228412 1343.417597 1345.610306 1347.806542 1350.006313 1352.209623 1354.416479 1356.626885 1358.840849 1361.058375 1363.279469 1365.504137 1367.732386 1369.964220 1372.199645 1374.438668
										 1376.681294 1378.927529 1381.177379 1383.430849 1385.687946 1387.948675 1390.213042 1392.481054 1394.752715 1397.028032 1399.307011 1401.589658 1403.875979 1406.165979 1408.459665 1410.757042
										 1413.058117 1415.362895 1417.671383 1419.983586 1422.299510 1424.619163 1426.942548 1429.269674 1431.600545 1433.935167 1436.273548 1438.615692 1440.961606 1443.311297 1445.664769 1448.022030
										 1450.383085 1452.747940 1455.116603 1457.489078 1459.865372 1462.245491 1464.629442 1467.017231 1469.408863 1471.804345 1474.203684 1476.606885 1479.013955 1481.424900 1483.839726 1486.258439
										 1488.681047 1491.107555 1493.537969 1495.972296 1498.410543 1500.852714 1503.298818 1505.748860 1508.202846 1510.660784 1513.122679 1515.588538 1518.058366 1520.532172 1523.009961 1525.491739
										 1527.977513 1530.467290 1532.961075 1535.458876 1537.960699 1540.466551 1542.976437 1545.490365 1548.008341 1550.530372 1553.056464 1555.586624 1558.120858 1560.659173 1563.201576 1565.748072
										 1568.298670 1570.853375 1573.412195 1575.975135 1578.542202 1581.113404 1583.688747 1586.268237 1588.851882 1591.439687 1594.031660 1596.627808 1599.228138 1601.832655 1604.441367 1607.054281
										 1609.671403 1612.292740 1614.918300 1617.548089 1620.182113 1622.820380 1625.462897 1628.109670 1630.760707 1633.416013 1636.075597 1638.739465 1641.407625 1644.080082 1646.756844 1649.437918
										 1652.123311 1654.813030 1657.507082 1660.205474 1662.908213 1665.615307 1668.326761 1671.042583 1673.762781 1676.487362 1679.216331 1681.949698 1684.687468 1687.429649 1690.176248 1692.927273
										 1695.682730 1698.442626 1701.206969 1703.975766 1706.749025 1709.526752 1712.308954 1715.095640 1717.886816 1720.682489 1723.482667 1726.287358 1729.096568 1731.910304 1734.728575 1737.551387
										 1740.378748 1743.210666 1746.047147 1748.888199 1751.733829 1754.584045 1757.438855 1760.298266 1763.162285 1766.030919 1768.904177 1771.782065 1774.664592 1777.551764 1780.443590 1783.340077
										 1786.241232 1789.147063 1792.057578 1794.972784 1797.892688 1800.817299 1803.746625 1806.680672 1809.619448 1812.562962 1815.511220 1818.464231 1821.422002 1824.384540 1827.351855 1830.323953
										 1833.300842 1836.282530 1839.269025 1842.260334 1845.256466 1848.257428 1851.263228 1854.273874 1857.289374 1860.309736 1863.334967 1866.365075 1869.400069 1872.439956 1875.484745 1878.534443
										 1881.589058 1884.648598 1887.713071 1890.782486 1893.856850 1896.936171 1900.020458 1903.109718 1906.203959 1909.303190 1912.407419 1915.516653 1918.630902 1921.750173 1924.874473 1928.003813
										 1931.138199 1934.277639 1937.422143 1940.571718 1943.726373 1946.886115 1950.050953 1953.220896 1956.395951 1959.576127 1962.761432 1965.951875 1969.147464 1972.348208 1975.554113 1978.765190
										 1981.981447 1985.202891 1988.429532 1991.661377 1994.898436 1998.140716 2001.388226 2004.640976 2007.898972 2011.162224 2014.430741 2017.704530 2020.983601 2024.267962 2027.557622 2030.852588
										 2034.152871 2037.458478 2040.769418 2044.085700 2047.407333 2050.734325 2054.066685 2057.404422 2060.747544 2064.096060 2067.449979 2070.809310 2074.174062 2077.544243 2080.919862 2084.300928
										 2087.687450 2091.079437 2094.476898 2097.879841 2101.288276 2104.702211 2108.121656 2111.546619 2114.977109 2118.413136 2121.854708 2125.301834 2128.754524 2132.212786 2135.676630 2139.146065
										 2142.621099 2146.101742 2149.588003 2153.079891 2156.577415 2160.080585 2163.589410 2167.103898 2170.624059 2174.149903 2177.681438 2181.218674 2184.761620 2188.310286 2191.864680 2195.424812
										 2198.990692 2202.562328 2206.139730 2209.722908 2213.311871 2216.906628 2220.507189 2224.113563 2227.725760 2231.343789 2234.967659 2238.597381 2242.232963 2245.874416 2249.521748 2253.174970
										 2256.834091 2260.499120 2264.170067 2267.846943 2271.529756 2275.218516 2278.913232 2282.613916 2286.320575 2290.033221 2293.751863 2297.476510 2301.207172 2304.943859 2308.686582 2312.435349
										 2316.190171 2319.951057 2323.718018 2327.491063 2331.270202 2335.055445 2338.846802 2342.644284 2346.447899 2350.257658 2354.073572 2357.895649 2361.723900 2365.558336 2369.398966 2373.245800
										 2377.098849 2380.958122 2384.823630 2388.695383 2392.573391 2396.457664 2400.348213 2404.245047 2408.148178 2412.057614 2415.973368 2419.895448 2423.823865 2427.758629 2431.699752 2435.647242
										 2439.601111 2443.561369 2447.528027 2451.501094 2455.480581 2459.466500 2463.458859 2467.457671 2471.462944 2475.474690 2479.492920 2483.517644 2487.548872 2491.586615 2495.630884 2499.681690
										 2503.739042 2507.802953 2511.873431 2515.950489 2520.034137 2524.124386 2528.221246 2532.324728 2536.434843 2540.551602 2544.675016 2548.805095 2552.941851 2557.085294 2561.235435 2565.392286
										 2569.555856 2573.726158 2577.903202 2582.086998 2586.277559 2590.474895 2594.679017 2598.889937 2603.107665 2607.332212 2611.563590 2615.801810 2620.046882 2624.298819 2628.557631 2632.823330
										 2637.095926 2641.375432 2645.661857 2649.955215 2654.255515 2658.562770 2662.876990 2667.198188 2671.526373 2675.861559 2680.203756 2684.552975 2688.909229 2693.272529 2697.642885 2702.020311
										 2706.404816 2710.796414 2715.195114 2719.600930 2724.013872 2728.433953 2732.861184 2737.295576 2741.737141 2746.185892 2750.641839 2755.104995 2759.575371 2764.052979 2768.537831 2773.029939
										 2777.529315 2782.035970 2786.549916 2791.071165 2795.599730 2800.135622 2804.678853 2809.229436 2813.787381 2818.352702 2822.925410 2827.505517 2832.093036 2836.687978 2841.290356 2845.900181
										 2850.517467 2855.142225 2859.774467 2864.414206 2869.061454 2873.716222 2878.378525 2883.048373 2887.725779 2892.410756 2897.103316 2901.803471 2906.511233 2911.226616 2915.949631 2920.680292
										 2925.418610 2930.164597 2934.918268 2939.679634 2944.448707 2949.225501 2954.010028 2958.802301 2963.602332 2968.410134 2973.225720 2978.049102 2982.880293 2987.719306 2992.566154 2997.420850
										 3002.283406 3007.153836 3012.032151 3016.918366 3021.812493 3026.714545 3031.624534 3036.542475 3041.468379 3046.402261 3051.344132 3056.294006 3061.251897 3066.217817 3071.191779 3076.173797
										 3081.163884 3086.162053 3091.168317 3096.182689 3101.205183 3106.235813 3111.274590 3116.321529 3121.376644 3126.439946 3131.511451 3136.591171 3141.679119 3146.775310 3151.879756 3156.992472
										 3162.113470 3167.242765 3172.380369 3177.526297 3182.680562 3187.843178 3193.014158 3198.193517 3203.381267 3208.577423 3213.781998 3218.995007 3224.216462 3229.446378 3234.684769 3239.931648
										 3245.187030 3250.450929 3255.723357 3261.004330 3266.293861 3271.591965 3276.898654 3282.213945 3287.537850 3292.870383 3298.211559 3303.561392 3308.919897 3314.287086 3319.662975 3325.047578
										 3330.440909 3335.842983 3341.253813 3346.673414 3352.101800 3357.538987 3362.984988 3368.439817 3373.903490 3379.376020 3384.857423 3390.347712 3395.846902 3401.355009 3406.872046 3412.398028
										 3417.932970 3423.476886 3429.029792 3434.591701 3440.162629 3445.742591 3451.331601 3456.929674 3462.536826 3468.153070 3473.778422 3479.412896 3485.056509 3490.709274 3496.371206 3502.042322
										 3507.722635 3513.412161 3519.110915 3524.818913 3530.536168 3536.262697 3541.998515 3547.743636 3553.498077 3559.261852 3565.034977 3570.817467 3576.609338 3582.410604 3588.221282 3594.041386
										 3599.870933 3605.709937 3611.558414 3617.416380 3623.283851 3629.160841 3635.047367 3640.943444 3646.849088 3652.764315 3658.689139 3664.623578 3670.567647 3676.521361 3682.484737 3688.457790
										 3694.440536 3700.432991 3706.435171 3712.447092 3718.468771 3724.500222 3730.541462 3736.592507 3742.653374 3748.724078 3754.804635 3760.895062 3766.995375 3773.105590 3779.225724 3785.355792
										 3791.495811 3797.645797 3803.805767 3809.975737 3816.155724 3822.345743 3828.545812 3834.755947 3840.976164 3847.206481 3853.446912 3859.697476 3865.958189 3872.229068 3878.510129 3884.801388
										 3891.102864 3897.414571 3903.736529 3910.068752 3916.411258 3922.764064 3929.127187 3935.500644 3941.884452 3948.278627 3954.683187 3961.098149 3967.523530 3973.959347 3980.405617 3986.862358
									</SingleSampledCurve>
								</CurveSetElement>
								<!--curve{LtoDL} converts measured Luminance (L) to display Drive Level (DL) -->
								<CurveSetElement Name="LtoDL" InputChannels="1" OutputChannels="1"> 
									<!-- This example assumes linear luminance response of device -->
									<!-- To work with actual device measure luminance for each drive level.-->
									<!-- Then invert to determine fractional drive levels for each linear increment of luminance, and put in SingleSampledCurveSegment-->
									<!-- Set FirstEntry and LastEntry to measured min and max luminances of display-->
									<SingleSampledCurve Start="-infinity" End="+infinity" FirstEntry="10" LastEntry="1000" StorageType="0" ExtensionType="0">
										0.0 1.0
									</SingleSampledCurve>
								</CurveSetElement>
							</SubElements>
							<Variables>
								<Declare Name="LoL"/>
								<Declare Name="HiL"/>
								<Declare Name="MaxAmbientL"/>
								<Declare Name="AmbientL"/>
								<Declare Name="LoJND"/>
								<Declare Name="HiJND"/>
								<Declare Name="RangeJND"/>
								<Declare Name="RangeDL"/>
							</Variables>
							<MainFunction>
{
;Initialize constants based on measurement of display luminance (in dark environment) and ambient luminance of environment
10 tput{LoL} ;Low luminance level based on measurement of device in Dark environment (should match FirstEntry attribute of curve{LtoDL})
1000 tput{HiL} ;High luminance level based on measurement of device in Dark environment (should match LastEntry attribute of curve{LtoDL})

;Determine max ambient luminance
3993.32958588733 tget{HiL} sub tput{MaxAmbientL} ;(3933.32958588733 should be same as last value of curve{JNDtoL})

;Get Ambience level from cmm environment variable and validate it
env(ambL) if { 0 max } else { pop 10 } ; get ambient luminance level from 'ambL' CMM environment variable (default is 10 cd/m^2)
tget{MaxAmbientL} min tput{AmbientL}

%Use measured Luminance form display and ambient luminance to determine lo and hi JND levels
tget{LoL} tget{AmbientL} add log curv{LogLtoJND} tput{LoJND}; LtoJND(log(LoL+AmbientL))
tget{HiL} tget{AmbientL} add log curv{LogLtoJND} tput{HiJND}; LtoJND(log(HiL+AmbientL))

;Determine JND range of display in ambient environment
tget{HiJND} tget{LoJND} sub tput{RangeJND}

;Determine range of Drive Levels corresponding to JND range
tget{HiJND} curv{JNDtoL} tget{AmbientL} sub curv{LtoDL} tput{RangeDL}

;Now apply GSDF function

;scale JND range by inputJND percent, add LoJND
in{inputJND} tget{RangeJND} mul tget{LoJND} add ;determine JND point for input

;convert JND to luminance and subtract out ambient luminance
curv{JNDtoL} tget{AmbientL} sub; determine desired luminance on display

;convert diaplay luminace to drive level of display
curv{LtoDL} ;apply desired display luminance to drive value conversion

;Finally divide by range of drive levels to get out percent Drive Level
tget{RangeDL} div ; correct for floating point rounding of maximum point
out[0]
}
								</MainFunction>
						</CalculatorElement>

						<!--curv{BalanceRGB} -->
						<CurveSetElement Name="BalanceRGB" InputChannels="3" OutputChannels="3"> <!-- RGB Gray balance curves -->
							<!-- Red balance -->
							<SingleSampledCurve Start="-infinity" End="+infinity" FirstEntry="0.0" LastEntry="1.0" StorageType="0" ExtensionType="0">
								0.0 1.0
							</SingleSampledCurve>
							<!-- Green balance -->
							<SingleSampledCurve Start="-infinity" End="+infinity" FirstEntry="0.0" LastEntry="1.0" StorageType="0" ExtensionType="0">
								0.0 1.0
							</SingleSampledCurve>
							<!-- Blue balance -->
							<SingleSampledCurve Start="-infinity" End="+infinity" FirstEntry="0.0" LastEntry="1.0" StorageType="0" ExtensionType="0">
								0.0 1.0
							</SingleSampledCurve>
						</CurveSetElement>
					</SubElements>
					<MainFunction>
{
;Apply Grayscdale Standard Display Funciton independently to each input channel
in{Red} elem{ApplyGSDF} in{Green} elem{ApplyGSDF} in{Blue} elem{ApplyGSDF}

;Apply balancing to RGB values
curv{BalanceRGB} out[0,3]
}
					</MainFunction>
				</CalculatorElement>
			</MultiProcessElements>
    </multiProcessElementType>
    <multiLocalizedUnicodeType>
      <TagSignature>cprt</TagSignature>
      <LocalizedText LanguageCountry="enUS"><![CDATA[Copyright 2017 International Color Consortium]]></LocalizedText>
    </multiLocalizedUnicodeType>
  </Tags>
</IccProfile>
