<?xml version="1.0" encoding="UTF-8"?>
<IccProfile>
  <Header>
    <PreferredCMMType></PreferredCMMType>
    <ProfileVersion>2.00</ProfileVersion>
    <ProfileDeviceClass>link</ProfileDeviceClass>
    <DataColourSpace>RGB </DataColourSpace>
    <PCS>RGB </PCS>
    <CreationDateTime>now</CreationDateTime>
    <ProfileFlags EmbeddedInFile="true" UseWithEmbeddedDataOnly="false"/>
    <DeviceAttributes ReflectiveOrTransparency="reflective" GlossyOrMatte="glossy" MediaPolarity="positive" MediaColour="colour"/>
    <RenderingIntent>Relative Colorimetric</RenderingIntent>
    <PCSIlluminant>
      <XYZNumber X="0.84127808" Y="1.00000000" Z="0.96372986"/>
    </PCSIlluminant>
    <ProfileCreator></ProfileCreator>
    <ProfileID>DBCAE0DE4318E1AD0D2F70F71CFB2463</ProfileID>
	<ProfileDeviceSubClass>GSDF</ProfileDeviceSubClass>
  </Header>
  <Tags>
    <multiLocalizedUnicodeType>
      <TagSignature>desc</TagSignature>
      <LocalizedText LanguageCountry="enUS"><![CDATA[RGB GSDF device link JND steps to Monitor drive values using 'ambL' CMM environment variable]]></LocalizedText>
    </multiLocalizedUnicodeType>
    <multiProcessElementType>
      <TagSignature>A2B0</TagSignature>
      <MultiProcessElements InputChannels="3" OutputChannels="3">
				<CalculatorElement InputChannels="3" OutputChannels="3" InputNames="Red Green Blue">
					<SubElements>
						<!--elem{ApplyGSDF> -->
					  <CalculatorElement Name="ApplyGSDF" InputChannels="1" OutputChannels="1" InputNames="inputJND">
							<SubElements>
								<!--curve{LogLtoJND} converts Log base 10 luminance to JND value -->
								<CurveSetElement Name="LogLtoJND" InputChannels="1" OutputChannels="1">
									<SingleSampledCurve Start="-infinity" End="+infinity" FirstEntry="-1.30118770000000" LastEntry="3.60133515578040" StorageType="0" ExtensionType="0">
											 1.000000 1.028504 1.057170 1.085997 1.114982 1.144123 1.173416 1.202861 1.232454 1.262193 1.292075 1.322099 1.352261 1.382559 1.412991 1.443554
											 1.474246 1.505065 1.536008 1.567072 1.598256 1.629556 1.660971 1.692497 1.724133 1.755876 1.787724 1.819674 1.851723 1.883870 1.916112 1.948446
											 1.980870 2.013382 2.045979 2.078659 2.111419 2.144257 2.177170 2.210156 2.243213 2.276339 2.309529 2.342784 2.376099 2.409472 2.442902 2.476385
											 2.509919 2.543502 2.577131 2.610804 2.644519 2.678272 2.712062 2.745886 2.779742 2.813627 2.847540 2.881476 2.915434 2.949413 2.983408 3.017418
											 3.051442 3.085480 3.119535 3.153606 3.187695 3.221803 3.255930 3.290077 3.324246 3.358436 3.392650 3.426887 3.461150 3.495438 3.529753 3.564095
											 3.598466 3.632867 3.667297 3.701759 3.736253 3.770780 3.805341 3.839937 3.874568 3.909236 3.943942 3.978686 4.013469 4.048293 4.083156 4.118059
											 4.153002 4.187986 4.223009 4.258073 4.293177 4.328321 4.363505 4.398729 4.433994 4.469299 4.504644 4.540030 4.575456 4.610923 4.646430 4.681977
											 4.717566 4.753194 4.788864 4.824574 4.860324 4.896116 4.931948 4.967821 5.003735 5.039689 5.075685 5.111722 5.147800 5.183920 5.220082 5.256286
											 5.292532 5.328821 5.365152 5.401527 5.437944 5.474404 5.510908 5.547456 5.584047 5.620683 5.657362 5.694087 5.730856 5.767669 5.804528 5.841432
											 5.878381 5.915377 5.952417 5.989504 6.026638 6.063817 6.101043 6.138316 6.175635 6.213002 6.250415 6.287875 6.325382 6.362936 6.400537 6.438186
											 6.475883 6.513626 6.551418 6.589257 6.627144 6.665080 6.703063 6.741094 6.779174 6.817302 6.855478 6.893703 6.931977 6.970300 7.008671 7.047091
											 7.085561 7.124079 7.162647 7.201264 7.239930 7.278647 7.317412 7.356228 7.395093 7.434008 7.472973 7.511989 7.551054 7.590170 7.629336 7.668553
											 7.707820 7.747138 7.786507 7.825926 7.865397 7.904919 7.944492 7.984116 8.023791 8.063518 8.103296 8.143127 8.183008 8.222942 8.262927 8.302964
											 8.343053 8.383195 8.423388 8.463634 8.503932 8.544282 8.584685 8.625140 8.665648 8.706209 8.746822 8.787489 8.828208 8.868980 8.909806 8.950684
											 8.991616 9.032601 9.073639 9.114731 9.155877 9.197076 9.238329 9.279635 9.320995 9.362410 9.403878 9.445400 9.486976 9.528607 9.570292 9.612031
											 9.653824 9.695672 9.737575 9.779532 9.821544 9.863611 9.905732 9.947909 9.990140 10.032426 10.074768 10.117165 10.159616 10.202124 10.244686 10.287305
											 10.329978 10.372707 10.415492 10.458333 10.501229 10.544181 10.587190 10.630254 10.673374 10.716550 10.759783 10.803072 10.846417 10.889818 10.933276 10.976790
											 11.020361 11.063989 11.107674 11.151415 11.195213 11.239068 11.282980 11.326949 11.370975 11.415058 11.459198 11.503396 11.547651 11.591964 11.636334 11.680762
											 11.725247 11.769790 11.814390 11.859049 11.903765 11.948539 11.993372 12.038262 12.083210 12.128217 12.173282 12.218405 12.263587 12.308827 12.354125 12.399483
											 12.444898 12.490373 12.535906 12.581498 12.627149 12.672859 12.718628 12.764455 12.810343 12.856289 12.902294 12.948359 12.994483 13.040667 13.086910 13.133213
											 13.179575 13.225997 13.272479 13.319021 13.365622 13.412283 13.459005 13.505786 13.552628 13.599530 13.646492 13.693514 13.740597 13.787740 13.834944 13.882208
											 13.929533 13.976918 14.024364 14.071871 14.119439 14.167068 14.214758 14.262509 14.310321 14.358194 14.406128 14.454124 14.502181 14.550300 14.598479 14.646721
											 14.695024 14.743389 14.791815 14.840304 14.888854 14.937466 14.986140 15.034876 15.083674 15.132534 15.181457 15.230441 15.279489 15.328598 15.377770 15.427005
											 15.476302 15.525661 15.575084 15.624569 15.674117 15.723728 15.773402 15.823139 15.872939 15.922802 15.972729 16.022718 16.072771 16.122888 16.173068 16.223311
											 16.273618 16.323989 16.374423 16.424921 16.475483 16.526108 16.576798 16.627552 16.678370 16.729252 16.780198 16.831208 16.882283 16.933422 16.984625 17.035894
											 17.087226 17.138623 17.190085 17.241612 17.293204 17.344860 17.396581 17.448368 17.500219 17.552136 17.604117 17.656165 17.708277 17.760455 17.812698 17.865006
											 17.917381 17.969821 18.022326 18.074898 18.127535 18.180238 18.233007 18.285842 18.338743 18.391710 18.444744 18.497844 18.551010 18.604242 18.657541 18.710906
											 18.764338 18.817837 18.871403 18.925035 18.978734 19.032500 19.086332 19.140232 19.194199 19.248233 19.302335 19.356503 19.410739 19.465043 19.519414 19.573852
											 19.628358 19.682932 19.737573 19.792283 19.847060 19.901905 19.956818 20.011799 20.066848 20.121965 20.177151 20.232405 20.287727 20.343118 20.398577 20.454105
											 20.509702 20.565367 20.621101 20.676903 20.732775 20.788716 20.844725 20.900804 20.956952 21.013169 21.069456 21.125812 21.182237 21.238732 21.295296 21.351930
											 21.408633 21.465406 21.522250 21.579163 21.636146 21.693199 21.750322 21.807515 21.864778 21.922112 21.979516 22.036990 22.094535 22.152151 22.209837 22.267593
											 22.325421 22.383319 22.441288 22.499328 22.557439 22.615622 22.673875 22.732199 22.790595 22.849062 22.907601 22.966211 23.024893 23.083646 23.142471 23.201367
											 23.260336 23.319376 23.378488 23.437673 23.496929 23.556257 23.615658 23.675131 23.734677 23.794294 23.853985 23.913747 23.973583 24.033491 24.093472 24.153526
											 24.213653 24.273852 24.334125 24.394471 24.454890 24.515382 24.575947 24.636586 24.697298 24.758084 24.818944 24.879877 24.940884 25.001964 25.063119 25.124347
											 25.185650 25.247026 25.308477 25.370002 25.431601 25.493274 25.555022 25.616844 25.678741 25.740713 25.802759 25.864880 25.927076 25.989347 26.051692 26.114113
											 26.176609 26.239180 26.301827 26.364548 26.427345 26.490218 26.553166 26.616190 26.679289 26.742464 26.805715 26.869042 26.932445 26.995924 27.059479 27.123110
											 27.186817 27.250601 27.314461 27.378398 27.442411 27.506500 27.570667 27.634910 27.699230 27.763627 27.828100 27.892651 27.957279 28.021984 28.086767 28.151626
											 28.216564 28.281578 28.346670 28.411840 28.477087 28.542413 28.607816 28.673297 28.738855 28.804492 28.870207 28.936001 29.001872 29.067822 29.133850 29.199957
											 29.266142 29.332406 29.398749 29.465170 29.531671 29.598250 29.664908 29.731645 29.798462 29.865358 29.932332 29.999387 30.066521 30.133734 30.201027 30.268399
											 30.335852 30.403384 30.470996 30.538687 30.606459 30.674312 30.742244 30.810256 30.878349 30.946522 31.014776 31.083110 31.151525 31.220021 31.288597 31.357255
											 31.425993 31.494812 31.563712 31.632694 31.701757 31.770901 31.840126 31.909433 31.978821 32.048291 32.117843 32.187476 32.257192 32.326989 32.396868 32.466829
											 32.536873 32.606998 32.677206 32.747497 32.817869 32.888325 32.958863 33.029483 33.100186 33.170973 33.241842 33.312794 33.383829 33.454947 33.526148 33.597433
											 33.668801 33.740253 33.81$1788 33.883407 33.955109 34.026895 34.098765 34.170719 34.242757 34.314879 34.387085 34.459375 34.531750 34.604208 34.676752 34.749380
											 34.822092 34.894890 34.967772 35.040739 35.113790 35.186927 35.260149 35.333456 35.406848 35.480326 35.553889 35.627537 35.701272 35.775091 35.848997 35.922988
											 35.997065 36.071228 36.145477 36.219812 36.294233 36.368741 36.443335 36.518015 36.592782 36.667635 36.742575 36.817602 36.892716 36.967917 37.043204 37.118579
											 37.194041 37.269590 37.345226 37.420950 37.496761 37.572659 37.648646 37.724720 37.800882 37.877131 37.953469 38.029895 38.106408 38.183010 38.259701 38.336479
											 38.413346 38.490302 38.567346 38.644479 38.721700 38.799011 38.876410 38.953898 39.031476 39.109142 39.186898 39.264743 39.342678 39.420702 39.498816 39.577019
											 39.655312 39.733695 39.812168 39.890731 39.969383 40.048126 40.126960 40.205883 40.284897 40.364001 40.443196 40.522482 40.601858 40.681325 40.760883 40.840532
											 40.920273 41.000104 41.080026 41.160040 41.240145 41.320342 41.400630 41.481010 41.561481 41.642045 41.722700 41.803447 41.884286 41.965218 42.046241 42.127357
											 42.208566 42.289867 42.371260 42.452746 42.534325 42.615996 42.697761 42.779618 42.861569 42.943613 43.025750 43.107980 43.190303 43.272721 43.355231 43.43783-INF6
											 43.520534 43.603326 43.686212 43.769192 43.852266 43.935434 44.018696 44.102053 44.185504 44.269050 44.352690 44.436425 44.520254 44.604179 44.688199 44.772313
											 44.856523 44.940827 45.025228 45.109723 45.194314 45.279000 45.363783 45.448660 45.533634 45.618703 45.703869 45.789130 45.874488 45.959942 46.045492 46.131139
											 46.216882 46.302721 46.388658 46.474691 46.560821 46.647047 46.733371 46.819792 46.906310 46.992926 47.079638 47.166449 47.253356 47.340362 47.427465 47.514666
											 47.601964 47.689361 47.776856 47.864449 47.952140 48.039929 48.127817 48.215803 48.303888 48.392072 48.480354 48.568735 48.657216 48.745795 48.834473 48.923250
											 49.012127 49.101103 49.190179 49.279354 49.368629 49.458003 49.547478 49.637052 49.726726 49.816500 49.906375 49.996350 50.086425 50.176600 50.266876 50.357253
											 50.447730 50.538309 50.628988 50.719768 50.810649 50.901631 50.992715 51.083899 51.175186 51.266573 51.358063 51.449654 51.541347 51.633141 51.725038 51.817037
											 51.909138 52.001341 52.093646 52.186054 52.278564 52.371177 52.463893 52.556711 52.649632 52.742657 52.835784 52.929014 53.022348 53.115784 53.209325 53.302968
											 53.396716 53.490567 53.584522 53.678580 53.772743 53.867009 53.961380 54.055855 54.150434 54.245118 54.339906 54.434799 54.529796 54.624899 54.720106 54.815418
											 54.910835 55.006357 55.101984 55.197717 55.293555 55.389499 55.485548 55.581703 55.677963 55.774330 55.870802 55.967381 56.064065 56.160856 56.257753 56.354757
											 56.451867 56.549084 56.646407 56.743837 56.841375 56.939019 57.036770 57.134628 57.232593 57.330666 57.428846 57.527134 57.625530 57.724033 57.822644 57.921362
											 58.020189 58.119124 58.218167 58.317318 58.416578 58.515946 58.615423 58.715008 58.814702 58.914505 59.014416 59.114437 59.214567 59.314806 59.415154 59.515612
											 59.616179 59.716856 59.817642 59.918538 60.019544 60.120660 60.221886 60.323222 60.424669 60.526225 60.627892 60.729670 60.831558 60.933557 61.035666 61.137887
											 61.240218 61.342661 61.445214 61.547879 61.650655 61.753543 61.856542 61.959653 62.062876 62.166210 62.269656 62.373215 62.476885 62.580668 62.684563 62.788570
											 62.892690 62.996922 63.101267 63.205725 63.310295 63.414979 63.519775 63.624685 63.729708 63.834844 63.940094 64.045457 64.150934 64.256525 64.362229 64.468047
											 64.573979 64.680*calcImport.xml*026 64.786186 64.892461 64.998850 65.105354 65.211972 65.318705 65.425552 65.532515 65.639592 65.746784 65.854092 65.961515 66.069053 66.176706
											 66.284475 66.392360 66.500360 66.608476 66.716708 66.825056 66.933520 67.042100 67.150797 67.259610 67.368539 67.477585 67.586748 67.696027 67.805423 67.914936
											 68.024567 68.134314 68.244178 68.354160 68.464260 68.574476 68.684811 68.795263 68.905833 69.016521 69.127327 69.238251 69.349293 69.460453 69.571732 69.683129
											 69.794645 69.906280 70.018033 70.129905 70.241896 70.354006 70.466236 70.578584 70.691052 70.803639 70.916346 71.029173 71.142119 71.255185 71.368371 71.481677
											 71.595103 71.708650 71.822316 71.936103 72.050011 72.164039 72.278188 72.392457 72.506848 72.621359 72.735992 72.850746 72.965621 73.080617 73.195735 73.310974
											 73.426335 73.541818 73.657423 73.773149 73.888998 74.004969 74.121062 74.237277 74.353615 74.470075 74.586658 74.703364 74.820192 74.937144 75.054218 75.171416
											 75.288736 75.406180 75.523748 75.641439 75.759253 75.877191 75.995253 76.113439 76.231749 76.350183 76.468741 76.587423 76.706230 76.825161 76.944216 77.063397
											 77.182702 77.302132 77.421687 77.541367 77.661172 77.781102 77.901158 78.021339 78.141645 78.262078 78.382635 78.503319 78.624129 78.745065 78.866126 78.987314
											 79.108629 79.230069 79.351636 79.473330 79.595151 79.717098 79.839172 79.961373 80.083701 80.206157 80.328739 80.451449 80.574287 80.697252 80.820344 80.943565
											 81.066913 81.190389 81.313993 81.437726 81.561586 81.685575 81.809693 81.933939 82.058313 82.182816 82.307448 82.432209 82.557099 82.682119 82.807267 82.932545
											 83.057952 83.183488 83.309154 83.434950 83.560876 83.686931 83.813116 83.939432 84.065878 84.192454 84.319160 84.445997 84.572964 84.700062 84.827291 84.954650
											 85.082141 85.209763 85.337515 85.465399 85.593415 85.721561 85.849839 85.978249 86.106791 86.235464 86.364270 86.493207 86.622276 86.751478 86.880812 87.010278
											 87.139877 87.269608 87.399472 87.529469 87.659599 87.789862 87.920257 88.050786 88.181448 88.312244 88.443173 88.574235 88.705432 88.836761 88.968225 89.099823
											 89.231555 89.363420 89.495420 89.627555 89.759824 89.892227 90.024765 90.157437 90.290245 90.423187 90.556264 90.689476 90.822824 90.956307 91.089925 91.223678
											 91.357568 91.491592 91.625753 91.760049 91.894482 92.029050 92.163755 92.298596 92.433573 92.568686 92.703936 92.839323 92.974846 93.110506 93.246303 93.382237
											 93.518308 93.654517 93.790862 93.927345 94.063966 94.200724 94.337619 94.474653 94.611824 94.749133 94.886580 95.024166 95.161889 95.299751 95.437752 95.575890
											 95.714168 95.852584 95.991139 96.129833 96.268666 96.407637 96.546748 96.685999 96.825388 96.964918 97.104586 97.244395 97.384343 97.524431 97.664658 97.805026
											 97.945534 98.086182 98.226971 98.367900 98.508969 98.650179 98.791530 98.933021 99.074653 99.216426 99.358341 99.500396 99.642593 99.784931 99.927410 100.070031
											 100.212794 100.355698 100.498744 100.641932 100.785262 100.928734 101.072348 101.216104 101.360003 101.504044 101.648228 101.792554 101.937024 102.081636 102.226390 102.371288
											 102.516329 102.661513 102.806841 102.952312 103.097926 103.243684 103.389585 103.535631 103.681820 103.828153 103.974630 104.121251 104.268016 104.414926 104.561980 104.709178
											 104.856521 105.004009 105.151642 105.299419 105.447341 105.595409 105.743621 105.891979 106.040481 106.189130 106.337924 106.486863 106.635948 106.785179 106.934555 107.084078
											 107.233747 107.383561 107.533522 107.683629 107.833883 107.984283 108.134830 108.285523 108.436363 108.587350 108.738484 108.889765 109.041193 109.192768 109.344490 109.496360
											 109.648377 109.800542 109.952855 110.105315 110.257923 110.410679 110.563583 110.716635 110.869835 111.023184 111.176681 111.330326 111.484120 111.638062 111.792154 111.946394
											 112.100782 112.255320 112.410007 112.564843 112.719829 112.874963 113.030247 113.185681 113.341264 113.496997 113.652880 113.808912 113.965095 114.121427 114.277910 114.434542
											 114.591326 114.748259 114.905343 115.062577 115.219963 115.377498 115.535185 115.693023 115.851011 116.009151 116.167442 116.325884 116.484477 116.643222 116.802118 116.961166
											 117.120365 117.279717 117.439220 117.598875 117.758682 117.918641 118.078753 118.239016 118.399432 118.560001 118.720722 118.881595 119.042622 119.203801 119.365133 119.526617
											 119.688255 119.850046 120.011991 120.174088 120.336339 120.498743 120.661301 120.824013 120.986878 121.149897 121.313070 121.476397 121.639878 121.803513 121.967302 122.131245
											 122.295343 122.459595 122.624002 122.788564 122.953280 123.118151 123.283176 123.448357 123.613693 123.779184 123.944830 124.110631 124.276588 124.442700 124.608968 124.775391
											 124.941970 125.108704 125.275595 125.442641 125.609844 125.777202 125.944717 126.112388 126.280215 126.448199 126.616339 126.784636 126.953089 127.121699 127.290466 127.459390
											 127.628470 127.797708 127.967103 128.136655 128.306364 128.476231 128.646255 128.816437 128.986776 129.157273 129.327928 129.498740 129.669710 129.840839 130.012125 130.183570
											 130.355172 130.526933 130.698853 130.870931 131.043167 131.215562 131.388116 131.560828 131.733699 131.906729 132.079919 132.253267 132.426774 132.600441 132.774266 132.948252
											 133.122396 133.296700 133.471164 133.645787 133.820570 133.995513 134.170616 134.345879 134.521302 134.696885 134.872628 135.048531 135.224595 135.400819 135.577203 135.753748
											 135.930454 136.107321 136.284348 136.461536 136.638885 136.816395 136.994066 137.171898 137.349891 137.528046 137.706362 137.884839 138.063478 138.242279 138.421241 138.600365
											 138.779650 138.959098 139.138707 139.318479 139.498412 139.678508 139.858766 140.039186 140.219768 140.400513 140.581420 140.762490 140.943723 141.125118 141.306676 141.488397
											 141.670281 141.852327 142.034537 142.216910 142.399446 142.582145 142.765008 142.948034 143.131224 143.314577 143.498093 143.681773 143.865617 144.049625 144.233797 144.418132
											 144.602632 144.787295 144.972123 145.157115 145.342271 145.527591 145.713076 145.898725 146.084539 146.270517 146.456661 146.642968 146.829441 147.01607 8147.202880 147.389848
											 147.576980 147.764277 147.951740 148.139368 148.327161 148.515119 148.703243 148.891532 149.079987 149.268608 149.457394 149.646346 149.835463 150.024747 150.214196 150.403812
											 150.593593 150.783541 150.973654 151.163934 151.354381 151.544993 151.735772 151.926718 152.117830 152.309108 152.500554 152.692166 152.883944 153.075890 153.268002 153.460282
											 153.652728 153.845342 154.038122 154.231070 154.424185 154.617467 154.810917 155.004534 155.198319 155.392271 155.586391 155.780678 155.975133 156.169756 156.364546 156.559505
											 156.754631 156.949926 157.145388 157.341019 157.536818 157.732784 157.928920 158.125223 158.321695 158.518335 158.715144 158.912121 159.109267 159.306582 159.504065 159.701717
											 159.899538 160.097528 160.295687 160.494014 160.692511 160.891176 161.090011 161.289015 161.488188 161.687531 161.887043 162.086724 162.286575 162.486595 162.686784 162.887144
											 163.087673 163.288371 163.489240 163.690278 163.891486 164.092864 164.294411 164.496129 164.698017 164.900075 165.102303 165.304701 165.507270 165.710009 165.912918 166.115997
											 166.319247 166.522668 166.726258 166.930020 167.133952 167.338055 167.542328 167.746773 167.951388 168.156173 168.361130 168.566258 168.771557 168.977026 169.182667 169.388479
											 169.594462 169.800616 170.006942 170.213439 170.420107 170.626946 170.833957 171.041140 171.248494 171.456019 171.663716 171.871585 172.079625 172.287838 172.496222 172.704777
											 172.913505 173.122404 173.331476 173.540719 173.750135 173.959722 174.169482 174.379413 174.589517 174.799793 175.010241 175.220862 175.431655 175.642620 175.853758 176.065068
											 176.276551 176.488206 176.700034 176.912034 177.124207 177.336553 177.549071 177.761762 177.974626 178.187663 178.400873 178.614255 178.827811 179.041539 179.255440 179.469515
											 179.683762 179.898183 180.112777 180.327544 180.542484 180.757597 180.972884 181.188344 181.403977 181.619784 181.835764 182.051917 182.268244 182.484745 182.701419 182.918267
											 183.135288 183.352483 183.569851 183.787393 184.005109 184.222999 184.441062 184.659300 184.877711 185.096296 185.315055 185.533988 185.753095 185.972375 186.191830 186.411459
											 186.631262 186.851239 187.071391 187.291716 187.512215 187.732889 187.953737 188.174760 188.395956 188.617327 188.838872 189.060592 189.282486 189.5045563 248.930589 249.195588 249.460760 249.726106 249.991626 250.257319 250.523186 250.789226 251.055440 251.321827 251.588388 251.855122 252.122029 252.389109 252.656363
											 252.923790 253.191390 253.459163 253.727109 253.995229 254.263521 254.531986 254.800625 255.069436 255.338420 255.607577 255.876907 256.146409 256.416084 256.685932 256.955953
											 257.226146 257.496511 257.767050 258.037760 258.308643 258.579699 258.850927 259.122327 259.393900 259.665644 259.937561 260.209651 260.481912 260.754345 261.026951 261.299728
											 261.572677 261.845798 262.119092 262.392556 262.666193 262.940002 263.213982 263.488133 263.762457 264.036952 264.311618 264.586456 264.861465 265.136646 265.411998 265.687521
											 265.963216 266.239081 266.515118 266.791326 267.067705 267.344255 267.620976 267.897868 268.174930 268.452164 268.729568 269.007143 269.284889 269.562805 269.840892 270.119149
											 270.397577 270.676175 270.954943 271.233882 271.512991 271.792271 272.071720 272.351340 272.631129 272.911089 273.191218 273.471518 273.751987 274.032626 274.313435 274.594414
											 274.875562 275.156879 275.438367 275.720023 276.001849 276.283845 276.566010 276.848344 277.130847 277.413519 277.696361 277.979371 278.262551 278.545899 278.829416 279.113102
											 279.396957 279.680980 279.965172 280.249533 280.534062 280.818760 281.103626 281.388660 281.673862 281.959233 282.244772 282.530479 282.816354 283.102397 283.388608 283.674987
											 283.961534 284.248248 284.535130 284.822180 285.109397 285.396782 285.684334 285.972053 286.259940 286.547994 286.836215 287.124604 287.413159 287.701882 287.990771 288.279827
											 288.569050 288.858440 289.147996 289.437719 289.727609 290.017665 290.307887 290.598276 290.888831 291.179552 291.470439 291.761493 292.052712 292.344098 292.635649 292.927366
											 293.219249 293.511298 293.803512 294.095891 294.388436 294.681147 294.974023 295.267064 295.560270 295.853642 296.147179 296.440880 296.734747 297.028778 297.322974 297.617335
											 297.911860 298.206550 298.501405 298.796424 299.091607 299.386955 299.682466 299.978142 300.273982 300.569986 300.866154 301.162486 301.458981 301.755641 302.052464 302.349450
											 302.646600 302.943913 303.241390 303.139030 303.836833 304.134799 304.432928 304.731220 305.029676 305.328293 305.627074 305.926017 306.225123 306.524392 306.823822 307.123416
											 307.423171 307.723089 308.023168 308.323410 308.623814 308.924379 309.225107 309.525996 309.827047 310.128259 310.429633 310.731168 311.032865 311.334723 311.636742 311.938922
											 312.241263 312.543765 312.846428 313.149252 313.452237 313.755382 314.058687 314.362153 314.665780 314.969566 315.273513 315.577620 315.881887 316.186314 316.490901 316.795648
											 317.100555 317.405621 317.710846 318.016231 318.321776 318.627479 318.933342 319.239364 319.545546 319.851886 320.158385 320.465042 320.771859 321.078834 321.385968 321.693260
											 322.000710 322.308319 322.616086 322.924010 323.232093 323.540334 323.848733 324.157290 324.466004 324.774876 325.083905 325.393092 325.702436 326.011937 326.321595 326.631411
											 326.941383 327.251512 327.561798 327.872241 328.182840 328.493596 328.804509 329.115577 329.426802 329.738183 330.049720 330.361414 330.673263 330.985267 331.297428 331.609744
											 331.922216 332.234843 332.547625 332.860563 333.173656 333.486904 333.800307 334.113864 334.427577 334.741444 335.055466 335.369643 335.683973 335.998459 336.313098 336.627891
											 336.942839 337.257941 337.573196 337.888605 338.204168 338.519884 338.835754 339.151777 339.467954 339.784284 340.100766 340.417402 340.734191 341.051133 341.368227 341.685474
											 342.002873 342.320425 342.638129 342.955986 343.273994 343.592155 343.910467 344.228932 344.547548 344.866316 345.185235 345.504306 345.823528 346.142901 346.462426 346.782102
											 347.101928 347.421906 347.742034 348.062313 348.382742 348.703322 349.024053 349.344933 349.665964 349.987145 350.308476 350.629956 350.951587 351.273367 351.595296 351.917376
											 352.239604 352.561982 352.884509 353.207185 353.530010 353.852984 354.176106 354.499378 354.8222797 355.146366 355.470082 355.793947 356.117960 356.442121 356.766430 357.090887
											 357.415492 357.740244 358.065144 358.390191 358.715385 359.040727 359.366216 359.691852 360.017635 360.343564 360.669640 360.995863 361.322233 361.648748 361.975410 362.302219
											 362.629173 362.956273 363.283519 363.610911 363.938448 364.266131 364.593960 364.921934 365.250053 365.578317 365.906726 366.235280 366.563979 366.892822 367.221811 367.550943
											 367.880220 368.209641 368.539207 368.868916 369.198770 369.528767 369.858908 370.189193 370.519621 370.850192 371.180907 371.511765 371.842766 372.173910 372.505197 372.836627
											 373.168199 373.499914 373.831771 374.163771 374.495912 374.828196 375.160622 375.493190 375.825899 376.158751 376.491743 376.824878 377.158153 377.491570 377.825128 378.158826
											 378.492666 378.826647 379.160768 379.495030 379.829432 380.163974 380.498657 380.833480 381.168443 381.503545 381.838788 382.174170 382.509692 382.845353 383.181153 383.517093
											 383.853172 384.189390 384.525746 384.862242 385.198876 385.535649 385.872560 386.209609 386.546797 386.884123 387.221586 387.559188 387.896927 388.234804 388.572818 388.910970
											 389.249259 389.587686 389.926249 390.264949 390.603787 390.942761 391.281871 391.621118 391.960502 392.300021 392.639677 392.979469 393.319397 393.659460 393.999660 394.339995
											 394.680465 395.021071 395.361812 395.702688 396.043699 396.384845 396.726126 397.067541 397.409091 397.750775 398.092594 398.434547 398.776634 399.118855 399.461209 399.803698
											 400.146320 400.489075 400.831964 401.174987 401.518142 401.861430 402.204852 402.548406 402.892092 403.235912 403.579863 403.923948 404.268164 404.612512 404.956993 405.301605
											 405.646349 405.991224 406.336231 406.681370 407.026640 407.372041 407.717572 408.063235 408.409029 408.754953 409.101008 409.447193 409.793509 410.139955 410.486531 410.833237
											 411.180072 411.527038 411.874133 412.221357 412.568711 412.916194 413.263807 413.611548 413.959418 414.307417 414.655545 415.003801 415.352185 415.700698 416.049339 416.398109
											 416.747006 417.096030 417.445183 417.794463 418.143871 418.493406 418.843068 419.192857 419.542773 419.892816 420.242986 420.593283 420.943706 421.294255 421.644931 421.995732
											 422.346660 422.697714 423.048893 423.400198 423.751629 424.103185 424.454866 424.806673 425.158604 425.510660 425.862842 426.215148 426.567578 426.920133 427.272812 427.625616
											 427.978543 428.331595 428.684770 429.038069 429.391492 429.745038 430.098707 430.452500 430.806416 431.160455 431.514616 431.868901 432.223308 432.577837 432.932489 433.287263
											 433.642159 433.997177 434.352318 434.707580 435.062963 435.418468 435.774095 436.129842 436.485711 436.841701 437.197812 437.554044 437.910396 438.266869 438.623462 438.980175
											 439.337009 439.693963 440.051036 440.408230 440.765543 441.122976 441.480528 441.838199 442.195990 442.553900 442.911928 443.270076 443.628342 443.986727 444.345230 444.703852
											 445.062591 445.421449 445.780425 446.139518 446.498730 446.858059 447.217505 447.577069 447.936750 448.296548 448.656463 449.016495 449.376643 449.736908 450.097290 450.457788
											 450.818402 451.179133 451.539979 451.900941 452.262019 452.623213 452.984522 453.345946 453.707486 454.069140 4tupt30910 454.792795 455.154794 455.516908 455.879137 456.241480
											 456.603937 456.966508 457.329193 457.691992 458.054905 458.417932 458.781072 459.144325 459.507692 459.871172 460.234765 460.598470 460.962289 461.326220 461.690263 462.054419
											 462.418688 462.783068 463.147561 463.512165 463.876881 464.241709 464.606648 464.971699 465.336861 465.702134 466.067518 466.433013 466.798619 467.164335 467.530162 467.896100
											 468.262148 468.628305 468.994573 469.360951 469.727439 470.094036 470.460743 470.827559 471.194484 471.561519 471.928663 472.295915 472.663277 473.030747 473.398325 473.766012
											 474.133808 474.501711 474.869723 475.237842 475.606069 475.974404 476.342847 476.711397 477.080054 477.448818 477.817690 478.186668 478.555753 478.924945 479.294243 479.663648
											 480.033159 480.402777 480.772500 481.142329 481.512264 481.882305 482.252452 482.622703 482.993061 483.363523 483.734090 484.104763 484.475540 484.846421 485.217408 485.588499
											 485.959694 486.330993 486.702397 487.073904 487.445515 487.817230 488.189049 488.560970 488.932996 489.305124 489.677356 490.049690 490.422127 490.794668 491.167310 491.540055
											 491.912903 492.285852 492.658904 493.032058 493.405313 493.778670 494.152129 494.525690 494.82dbg99351 495.273114 495.646978 496.020943 496.395009 496.769175 497.143443 497.517810
											 497.892278 498.266846 498.641515 499.016283 499.391151 499.766119 500.141187 500.516354 500.891620 501.266986 501.642450 502.018014 502.393677 502.769438 503.145298 503.521257
											 503.897314 504.273469 504.649722 505.026074 505.402523 505.779070 506.155714 506.532456 506.909296 507.286233 507.663267 508.040398 508.417626 508.794950 509.172372 509.549890
											 509.927504 510.305215 510.683021 511.060924 511.438923 511.817017 512.195208 512.573493 512.951875 513.330351 513.708923 514.087589 514.466351 514.845208 515.224159 515.603205
											 515.982345 516.361580 516.740908 517.120331 517.499848 517.879459 518.259163 518.638961 519.018853 519.398838 519.778916 520.159087 520.539351 520.919708 521.300158 521.680700
											 522.061335 522.442062 522.822882 523.203794 523.584797 523.965893 524.347080 524.728359 525.109730 525.491192 525.872745 526.254389 526.636125 527.017951 527.399868 527.781876
											 528.163974 528.546163 528.928442 529.310812 529.693271 530.075821 530.458460 530.841189 531.224007 531.606915 531.989912 532.372999 532.756175 533.139439 533.522793 533.906235
											 534.289766 534.673385 535.057093 535.440889 535.824773 536.208745 536.592805 536.976953 537.361189 537.745512 538.129922 538.514420 538.899005 539.283677 539.668436 540.053282
											 540.438214 540.823234 541.208339 541.593531 541.978809 542.364173 542.749624 543.135160 543.520781 543.906489 544.292282 544.678160 545.064124 545.450173 545.836306 546.222525
											 546.608829 546.995217 547.381689 547.768247 548.154888 548.541614 548.928424 549.315317 549.702295 550.089356 550.476501 550.863729 551.251041 551.638436 552.025914 552.413476
											 552.801120 553.188846 553.576656 553.964548 554.352522 554.740579 555.128718 555.516939 555.905242 556.293627 556.682093 557.070642 557.459271 557.847982 558.236774 558.625648
											 559.014602 559.403637 559.792753 560.181950 560.571227 560.960585 561.350023 561.739541 562.129140 562.518818 562.908576 563.298414 563.688331 564.078328 564.468404 564.858560
											 565.248795 565.639108 566.029501 566.419972 566.810522 567.201151 567.591858 567.982644 568.373507 568.764449 569.155469 569.546567 569.937742 570.328995 570.720325 571.111733
											 571.503219 571.894781 572.286421 572.678137 573.069930 573.461800 573.853747 574.245770 574.637869 575.030045 575.422297 575.814625 576.207028 576.599508 576.992063 577.384694
											 577.777400 578.170182 578.563039 578.955971 579.348978 579.742060 580.135216 580.528448 580.921753 581.315134 581.708588 582.102117 582.495720 582.889397 583.283147 583.676972
											 584.070870 584.464841 584.858886 585.253005 585.647196 586.041461 586.435798 586.830209 587.224692 587.619247 588.013876 588.408576 588.803349 589.198194 589.593111 589.988100
											 590.383161 590.778294 591.173498 591.568774 591.964121 592.359539 592.755029 593.150589 593.546221 593.941923 594.337696 594.733540 595.129454 595.525438 595.921493 596.317618
											 596.713813 597.110078 597.506412 597.902817 598.299291 598.695835 599.092447 599.489130 599.885881 600.282701 600.679591 601.076549 601.473576 601.870671 602.267835 602.665068
											 603.062368 603.459737 603.857174 604.254679 604.652251 605.049892 605.447600 605.845375 606.243218 606.641129 607.039106 607.437150 607.835262 608.233440 608.631685 609.029997
											 609.428375 609.826820 610.225331 610.623908 611.022551 611.421260 611.820035 612.218876 612.617783 613.016755 613.415793 613.814895 614.214064 614.613297 615.012595 615.411958
											 615.811386 616.210879 616.610436 617.010058 617.409744 617.809494 618.209309 618.609187 619.009130 619.409136 619.809206 620.209340 620.609537 621.009798 621.410122 621.810509
											 622.210959 622.611472 623.012048 623.412687 623.813389 624.214153 624.614979 625.015868 625.416819 625.817832 626.218908 626.620045 627.021244 627.422505 627.823827 628.225211
											 628.626656 629.028163 629.429730 629.831359 630.233049 630.634800 631.036611 631.438483 631.840416 632.242409 632.644463 633.046577 633.448750 633.850984 634.253278 634.655632
											 635.058045 635.460519 635.863051 636.265643 636.668294 637.071005 637.473775 637.876603 638.279491 638.682437 639.085442 639.488506 ;39.891628 640.294809 640.698048 641.101345
											 641.504700 641.908113 642.311584 642.715112 643.118699 643.522343 643.926044 644.329803 644.733619 645.137492 645.541423 645.945410 646.349454 646.753555 647.157712 647.561927
											 647.966197 648.370524 648.774907 649.179346 649.583842 649.988393 650.393000 650.797663 651.202382 651.607156 652.011985 652.416870 652.821810 653.226806 653.631856 654.036961
											 654.442121 654.847336 655.252606 655.657930 656.063308 656.468741 656.874228 657.279770 657.685365 658.091014 658.496717 658.902474 659.308285 659.714149 660.120066 660.526037
											 660.932061 661.338139 661.744269 662.150453 662.556689 662.962978 663.369320 663.775714 664.182161 664.588660 664.995211 665.401815 665.808470 666.215178 666.621937 667.028749
											 667.435612 667.842526 668.249493 668.656510 669.063579 669.470699 669.877870 670.285093 670.692366 671.099690 671.507064 671.914490 672.321966 672.729492 673.137069 673.544695
											 673.952373 674.360100 674.767877 675.175704 675.583581 675.991507 676.399483 676.807508 677.215583 677.623708 678.031881 678.440103 678.848375 679.256695 679.665065 680.073483
											 680.481949 680.890464 681.299028 681.707640 682.116300 682.525009 682.933765 683.342569 683.751422 684.160322 684.569270 684.978265 685.387308 685.796398 686.205536 686.614721
											 687.023953 687.433232 687.842558 688.251931 688.661351 689.070817 689.480330 689.889889 690.299495 690.709147 691.118846 691.528590 691.938380 692.348217 692.758099 693.168027
											 693.578001 693.988020 694.398085 694.808195 695.218350 695.@28551 696.038797 696.449087 696.859423 697.269804 697.680229 698.090699 698.501213 698.911772 699.322376 699.733023
											 700.143715 700.554451 700.965231 701.376055 701.786923 702.197835 702.608790 703.019789 703.430831 703.841917 704.253046 704.664218 705.075433 705.486692 705.897993 706.309337
											 706.720724 707.132154 707.543626 707.955141 708.366698 708.778298 709.189940 709.601624 710.013350 710.425118 710.836928 711.248779 711.660673 712.072608 712.484585 712.896603
											 713.308662 713.720763 714.132905 714.545088 714.957312 715.369577 715.781883 716.194229 716.606616 717.019044 717.431512 717.844021 718.256570 718.669160 719.081789 719.494459
											 719.907168 720.319917 720.732707 721.145536 721.558404 721.971312 722.384260 722.797247 723.210273 723.623339 724.036443 724.449587 724.862770 725.275991 725.689251 726.102550
											 726.515888 726.929264 727.342678 727.756131 728.169623 728.583152 728.996719 729.410325 729.823968 730.237650 730.651369 731.065126 731.478920 731.892752 732.306621 732.720528
											 733.134472 733.548453 733.962472 734.376527 734.790619 735.204748 735.618914 736.033117 736.447356 736.861632 737.275944 737.690293 738.104677 738.519098 738.933556 739.348049
											 739.762578 740.177143 740.591744 741.006380 741.421052 741.835760 742.250503 742.665282 743.080096 743.494945 743.909829 744.324748 744.739702 745.154691 745.569715 745.984774
											 746.399867 746.814995 747.230158 747.645355 748.060586 748.475851 748.891151 749.306485 749.721852 750.137254 750.552689 750.968159 751.383662 751.799198 752.214768 752.630372
											 753.046009 753.461679 753.877383 754.293119 754.708889 755.124692 755.540527 755.956396 756.372297 756.788231 757.204197 757.620196 758.036228 758.452291 758.868388 759.284516
											 759.700676 760.116869 760.533093 760.949349 761.365637 761.781957 762.198309 762.614692 763.031106 763.447553 763.864030 764.280539 764.697078 765.113649 765.530252 765.946885
											 766.363548 766.780243 767.196969 767.613725 768.030512 768.447329 768.864176 769.281055 769.697963 770.114901 770.531870 770.948869 771.365898 771.782956 772.200045 772.617163
											 773.034311 773.451488 773.868695 774.285932 774.703198 775.120493 775.537818 775.955171 776.372554 776.789966 777.207406 777.624876 778.042374 778.459901 778.877457 779.295041
											 779.712654 780.130295 780.547965 780.965662 781.383388 781.801142 782.218925 782.636735 783.054573 783.472439 783.890332 784.308254 784.726203 785.144179 785.562183 785.980215
											 786.398274 786.816360 787.234473 787.652613 788.070780 788.488975 788.907196 789.325444 789.743719 790.162020 790.580348 790.998703 791.417084 791.835492 792.253925 792.672385
											 793.090872 793.509384 793.927922 794.346487 794.765077 795.183693 795.602335 796.021003 796.439696 796.858415 797.277159 797.695928 798.114723 798.533544 798.952389 799.371260
											 799.790155 800.209076 800.628021 801.046992 801.465987 801.885007 802.304051 802.723120 803.142214 803.561332 803.980474 804.399641 804.818832 805.238047 805.657286 806.076550
											 806.495837 806.915148 807.334483 807.753841 808.173224 808.592630 809.012059 809.431512 809.850988 810.270488 810.690011 811.109557 811.529127 811.948719 812.368334 812.787973
											 813.207634 813.627318 814.047025 814.466754 814.886506 815.306281 815.726078 816.145898 816.565740 816.985604 817.405490 817.825398 818.245329 818.665282 819.085256 819.505252
											 819.925271 820.345310 820.765372 821.185455 821.605560 822.025686 822.445834 822.866003 823.286193 823.706405 824.126638 824.546891 824.967166 825.387462 825.807779 826.228116
											 826.648475 827.068854 827.489253 827.909673 828.330114 828.750575 829.171057 829.591559 830.012081 830.432623 830.853186 831.273768 831.694371 832.114993 832.535636 832.956298
											 833.376980 833.797682 834.218403 834.639144 835.059904 835.480684 835.901483 836.322301 836.743139 837.163996 837.584872 838.005767 838.426681 838.847614 839.268566 839.689536
											 840.110526 840.531534 840.952560 841.373606 841.794669 842.215752 842.636852 843.057971 843.479108 843.900264 844.321437 844.742629 845.163838 845.585066 846.006311 846.427575
											 846.848856 847.270154 847.691471 848.112805 848.534156 848.955525 849.376912 849.798315 850.219736 850.641174 851.062630 851.484102 851.905592 852.327098 852.748622 853.170162
											 853.591719 854.013293 854.434884 854.856491 855.278115 855.699755 856.121412 856.543085 856.964774 857.386480 857.808202 858.229940 858.651694 859.073464 859.495250 859.917052
											 860.338870 860.760704 861.182554 861.604419 862.026300 862.448196 862.870108 863.292036 863.713979 864.135937 864.557910 864.979899 865.401903 865.823922 866.245956 866.668005
											 867.090069 867.512147 867.934241 868.356350 868.778473 869.200611 869.622763 870.044930 870.467111 870.889307 871.311517 871.733742 872.155981 872.578234 873.000501 873.422782
											 873.845078 874.267387 874.689710 875.112047 875.534398 875.956763 876.379141 876.801533 877.223939 877.646358 878.068791 878.491237 878.913696 879.336169 879.758655 880.181154
											 880.603667 881.026192 881.448731 881.871282 882.293847 882.716424 883.139014 883.561617 883.984233 884.406861 884.829502 88 3676.521361 3682.484737 3688.457790
										 3694.440536 3700.432991 3706.435171 3712.447092 3718.468771 3724.500222 3730.541462 3736.592507 3742.653374 3748.724078 3754.804635 3760.895062 3766.995375 3773.105590 3779.225724 3785.355792
										 3791.495811 3797.645797 3803.805767 3809.975737 3816.155724 3822.345743 3828.545812 3834.755947 3840.976164 3847.206481 3853.446912 3859.697476 3865.958189 3872.229068 3878.510129 3884.801388
										 3891.102864 3897.414571 3903.736529 3910.068752 3916.411258 3922.764064 3929.127187 3935.500644 3941.884452 3948.278627 3954.683187 3961.098149 3967.523530 3973.959347 3980.405617 3986.862358
									</SingleSampledCurve>
								</CurveSetElement>
								<!--curve{LtoDL} converts measured Luminance (L) to display Drive Level (DL) -->
								<CurveSetElement Name="LtoDL" InputChannels="1" OutputChannels="1"> 
									<!-- This example assumes linear luminance response of device -->
									<!-- To work with actual device measure luminance for each drive level.-->
									<!-- Then invert to determine fractional drive levels for each linear increment of luminance, and put in SingleSampledCurveSegment-->
									<!-- Set FirstEntry and LastEntry to measured min and max luminances of display-->
									<SingleSampledCurve Start="-infinity" End="+infinity" FirstEntry="10" LastEntry="1000" StorageType="0" ExtensionType="0">
										0.0 1.0
									</SingleSampledCurve>
								</CurveSetElement>
							</SubElements>
							<Variables>
								<Declare Name="LoL"/>
								<Declare Name="HiL"/>
								<Declare Name="MaxAmbientL"/>
								<Declare Name="AmbientL"/>
								<Declare Name="LoJND"/>
								<Declare Name="HiJND"/>
								<Declare Name="RangeJND"/>
								<Declare Name="RangeDL"/>
							</Variables>
							<MainFunction>
{
;Initialize constants based on measurement of display luminance (in dark environment) and ambient luminance of environment
10 tpux{LoL} ;Low luminance level based on measurement of device in Dark environment (should match FirstEntry attribute of curve{LtoDL})
1000 tput{HiL} ;High luminance level based on measurement of device in Dark environment (should match LastEntry attribute of curve{LtoDL})

;Determine max ambient luminance
3993.32958588733 tget{HiL} sub tput{MaxAmbientL} ;(3933.32958588733 should be same as last value of curve{JNDtoL})

;Get Ambience level from cmm environment variable and validate it
env(ambL) if { 0 max } else { pop 10 } ; get ambient luminance level from 'ambL' CMM environment variable (default is 10 cd/m^2)
tget{MaxAmbientL} min tput{AmbientL}

%Use measured Luminance form display and ambient luminance to determine lo and hi JND levels
tget{LoL} tget{AmbientL} add log curv{LogLtoJND} tput{LoJND}; LtoJND(log(LoL+AmbientL))
tget{HiL} tget{AmbientL} add log curv{LogLtoJND} tput{HiJND}; LtoJND(log(HiL+AmbientL))

;Determine JND range of display in ambient environment
tget{HiJND} tget{LoJND} sub tput{RangeJND}

;Determine range of Drive Levels corresponding to JND range
tget{HiJND} curv{JNDtoL} tget{AmbientL} sub curv{LtoDL} tput{RangeDL}

;Now apply GSDF function

;scale JND range by inputJND percent, add LoJND
in{inputJND} tget{RangeJND} mul tget{LoJND} add ;determine JND point for input

;convert JND to luminance and subtract out ambient luminance
curv{JNDtoL} tget{AmbientL} sub; determine desired luminance on display

;convert diaplay luminace to drive level of display
curv{LtoDL} ;apply desired display luminance to drive value conversion

;Finally divide by range of drive levels to get out percent Drive Level
tget{RangeDL} div ; correct for floating point rounding of maximum point
out[0]
}
								</MainFunction>
						</CalculatorElement>

						<!--curv{BalanceRGB} -->
						<CurveSetElement Name="BalanceRGB" InputChannels="3" OutputChannels="3"> <!-- RGB Gray balance curves -->
							<!-- Red balance -->
							<SingleSampledCurve Start="-infinity" End="+infinity" FirstEntry="0.0" LastEntry="1.0" StorageType="0" ExtensionType="0">
								0.0 1.0
							</SingleSampledCurve>
							<!-- Green balance -->
							<SingleSampledCurve Start="-infinity" End="+infinity" FirstEntry="0.0" LastEntry="1.0" StorageType="0" ExtensionType="0">
								0.0 1.0
							</SingleSampledCurve>
							<!-- Blue balance -->
							<SingleSampledCurve Start="-infinity" End="+infinity" FirstEntry="0.0L" astEntry="1.0" StorageType="0" ExtensionType="0">
								0.0 1.0
							</SingleSampledCurve>
						</CurveSetElement>
					</SubElements>
					<MainFunction>
{
;Apply Grayscdale Standard Display Funciton independently to each input channel
in{Red} elem{ApplyGSDF} in{Green} elem{ApplyGSDF} in{Blue} elem{ApplyGSDF}

;Apply balancing to RGB values
curv{BalanceRGB} out[0,3]
}
					</MainFunction>
				</CalculatorElement>
			</MultiProcessElements>
    </multiProcessElementType>
    <multiLocalizedUnicodeType>
      <TagSignature>cprt</TagSignature>
      <LocalizedText LanguageCountry="enUS"><![CDATA[Copyright 2017 International Color Consortium]]></LocalizedText>
    </multiLocalizedUnicodeType>
  </Tags>
</IccProfile>
