<?xml version="1.0" encoding="UTF-8"?>
<IccProfile>
  <Header>
    <PreferredCMMType></PreferredCMMType>
    <ProfileVersion>5.00</ProfileVersion>
    <ProfileDeviceClass>link</ProfileDeviceClass>
    <DataColourSpace>GRAY</DataColourSpace>
    <PCS>GRAY</PCS>
    <CreationDateTime>now</CreationDateTime>
    <ProfileFlags EmbeddedInFile="true" UseWithEmbeddedDataOnly="false"/>
    <DeviceAttributes ReflectiveOrTransparency="reflective" GlossyOrMatte="glossy" MediaPolarity="positive" MediaColour="colour"/>
    <RenderingIntent>Relative Colorimetric</RenderingIntent>
    <PCSIlluminant>
      <XYZNumber X="0.84127808" Y="1.00000000" Z="0.96372986"/>
    </PCSIlluminant>
    <ProfileCreator></ProfileCreator>
    <ProfileID>DBCAE0DE4318E1AD0D2F70F71CFB2463</ProfileID>
  <ProfileDeviceSubClass>GSDF</ProfileDeviceSubClass>
  </Header>
  <Tags>
    <multiLocalizedUnicodeType>
      <TagSignature>desc</TagSignature>
      <LocalizedText LanguageCountry="enUS"><![CDATA[Grayscale GSDF device link JND steps to Monitor drive values using 'ambL' CMM environment variable]]></LocalizedText>
    </multiLocalizedUnicodeType>
    <multiProcessElementType>
      <TagSignature>A2B0</TagSignature>
      <MultiProcessElements InputChannels="1" OutputChannels="1">
       <CalculatorElement InputChannels="1" OutputChannels="1" InputNames="inputJND">
				<SubElements>
					<!--curve{LogLtoJND} converts Log base 10 luminance to JND value -->
					<CurveSetElement Name="LogLtoJND" InputChannels="1" OutputChannels="1">
						<SingleSampledCurve Start="-infinity" End="+infinity" FirstEntry="-1.30118770000000" LastEntry="3.60133515578040" StorageType="0" ExtensionType="0">
								 1.000000 1.028504 1.057170 1.085997 1.114982 1.144123 1.173416 1.202861 1.232454 1.262193 1.292075 1.322099 1.352261 1.382559 1.412991 1.443554
								 1.474246 1.505065 1.536008 1.567072 1.598256 1.629556 1.660971 1.692497 1.724133 1.755876 1.787724 1.819674 1.851723 1.883870 1.916112 1.948446
								 1.980870 2.013382 2.045979 2.078659 2.111419 2.144257 2.177170 2.210156 2.243213 2.276339 2.309529 2.342784 2.376099 2.409472 2.442902 2.476385
								 2.509919 2.543502 2.577131 2.610804 2.644519 2.678272 2.712062 2.745886 2.779742 2.813627 2.847540 2.881476 2.915434 2.949413 2.983408 3.017418
								 3.051442 3.085480 3.119535 3.153606 3.187695 3.221803 3.255930 3.290077 3.324246 3.358436 3.392650 3.426887 3.461150 3.495438 3.529753 3.564095
								 3.598466 3.632867 3.667297 3.701759 3.736253 3.770780 3.805341 3.839937 3.874568 3.909236 3.943942 3.978686 4.013469 4.048293 4.083156 4.118059
								 4.153002 4.187986 4.223009 4.258073 4.293177 4.328321 4.363505 4.398729 4.433994 4.469299 4.504644 4.540030 4.575456 4.610923 4.646430 4.681977
								 4.717566 4.753194 4.788864 4.824574 4.860324 4.896116 4.931948 4.967821 5.003735 5.039689 5.075685 5.111722 5.147800 5.183920 5.220082 5.256286
					reser			 5.292532 5.328821 5.365152 5.401527 5.437944 5.474404 5.510908 5.547456 5.584047 5.620683 5.657362 5.694087 5.730856 5.767669 5.804528 5.841432
								 5.878381 5.915377 5.952417 5.989504 6.026638 6.063817 6.101043 6.138316 6.175635 6.213002 6.250415 6.287875 6.325382 6.362936 6.400537 6.438186
								 6.475883 6.513626 6.551418 6.589257 6.627144 6.665080 6.703063 6.741094 6.779174 6.817302 6.855478 6.893703 6.931977 6.970300 7.008671 7.047091
								 7.085561 7.124079 7.162647 7.201264 7.239930 7.278647 7.317412 7.356228 7.395093 7.434008 7.472973 7.511989 7.551054 7.590170 7.629336 7.668553
								 7.707820 7.747138 7.786507 7.825926 7.865397 7.904919 7.944492 7.984116 8.023791 8.063518 8.103296 8.143127 8.183008 8.222942 8.262927 8.302964
								 8.343053 8.383195 8.423388 8.463634 8.503932 8.544282 8.584685 8.625140 8.665648 8.706209 8.746822 8.787489 8.828208 8.868980 8.909806 8.950684
								 8.991616 9.032601 9.073639 9.114731 9.155877 9.197076 9.238329 9.279635 9.320995 9.362410 9.403878 9.445400 9.486976 9.528607 9.570292 9.612031
								 9.653824 9.695672 9.737575 9.779532 9.821544 9.863611 9.905732 9.947909 9.990140 10.032426 10.074768 10.117165 10.159616 10.202124 10.244686 10.287305
								 10.329978 10.372707 10.415492 10.458333 10.501229 10.544181 10.587190 10.630254 10.673374 10.716550 10.759783 10.803072 10.846417 10.889818 10.933276 10.976790
								 11.020361 11.063989 11.107674 11.151415 11.195213 11.239068 11.282980 11.326949 1182 207.365016 207.600925 207.837010 208.073271 208.309707
								 208.546319 208.783107 209.020071 209.257210 209.494526 209.732017 209.969683 210.207526 210.445544 210.683739 210.922109 211.160654 211.399376 211.638273 211.877347 212.116596
								 212.356021 212.595621 212.835398 213.075350 213.315478 213.555782 213.796262 214.036918 214.277749 214.518757 214.759940 215.001299 215.242834 215.484544 215.726431 215.968493
								 216.210731 216.453146 216.695735 216.938501 217.181443 217.424560 217.667853 217.911322 218.154967 218.398788 218.642784 218.886956 219.131304 219.375828 219.620528 219.865403
								 220.110454 220.355681 220.601084 220.846663 221.092417 221.338347 221.584453 221.830734 222.077192 222.323825 222.570634 222.817618 223.064778 223.312114 223.559626 223.807313
								 224.055176 224.303215 224.551429 224.799819 225.048384 225.297125 225.546042 225.795135 226.044403 226.293846 226.543466 226.793260 227.043231 227.293376 227.543698 227.794195
								 228.044867 228.295715 228.546739 228.797937 229.049312 229.300861 229.552587 229.804487 230.056563 230.308815 230.561241 230.813843 231.066621 231.319574 231.572702 231.826005
								 232.079484 232.333138 232.586967 232.840971 233.095151 233.349506 233.604035 233.858741 234.113621 234.368676 234.623907 234.879312 235.134893 235.390648 235.646579 235.902685
								 236.158965 236.415421 236.672052 236.928857 237.185837 237.442993 237.700323 237.957828 238.215508 238.473362 238.731391 238.989595 239.247974 239.506528 239.765256 240.024159
								 240.283236 240.542488 240.801915 241.061516 241.321292 241.581242 241.841367 242.101666 242.362140 242.622788 242.883610 243.144607 243.405778 243.667123 243.928643 244.190337
								 244.452205 244.714247 244.976463 245.238854 245.501418 245.764157 246.027070 246.290157 246.553418 246.816852 247.080461 247.344243 247.608200 247.872330 248.136634 248.401112
								 248.665763 248.930589 249.195588 249.460760 249.726106 249.991626 250.257319 250.523186 250.789226 251.055440 251.321827 251.588388 251.855122 252.122029 252.389109 252.656363
								 252.923790 253.191390 253.459163 253.727109 253.995229 254.263521 254.531986 254.800625 255.069436 255.338420 255.607577 255.876907 256.146409 256.416084 256.685932 256.955953
								 257.226146 257.496511 257.767050 258.037760 258.308643 258.579699 258.850927 259.122327 259.393900 259.665644 259.937561 260.209651 260.481912 260.754345 261.026951 261.299728
								 261.572677 261.845798 262.119092 262.392556 262.666193 262.940002 263.213982 263.488133 263.762457 264.036952 264.311618 264.586456 264.861465 265.136646 265.411998 265.687521
								 265.963216 266.239081 266.515118 266.791326 267.067705 267.344255 267.620976 267.897868 268.174930 268.452164 268.729568 269.007143 269.284889 269.562805 269.840892 270.119149
								 270.397577 270.676175 270.954943 271.233882 271.512991 271.792271 272.071720 272.351340 272.631129 272.911089 273.191218 273.471518 273.751987 274.032626 274.313435 274.594414
								 274.875562 275.156879 275.438367 275.720023 276.001849 276.283845 276.566010 276.848344 277.130847 277.413519 277.696361 277.979371 278.262551 278.545899 278.829416 279.113102
								 279.396957 279.680980 279.965172 280.249533 280.534062 280.818760 281.103626 281.388660 281.673862 281.959233 282.244772 282.530479 282.816354 283.102397 283.388608 283.674987
								 283.961534 284.248248 284.535130 284.822180 285.109397 285.396782 285.684334 285.972053 286.259940 286.547994 286.836215 287.124604 287.413159 287.701882 287.990771 288.279827
								 288.569050 288.858440 289.147996 289.437719 289.727609 290.017665 290.307887 290.598276 290.888831 291.179552 291.470439 291.761493 292.052712 292.344098 292.635649 292.927366
								 293.219249 293.511298 293.803512 294.095891 294.388436 294.681147 294.974023 295.267064 295.560270 295.853642 296.147179 296.440880 296.734747 297.028778 297.322974 297.617335
								 297.911860 298.206550 298.501405 298.796424 299.091607 299.386955 299.682466 299.978142 300.273982 300.569986 300.866154 301.162486 301.458981 301.755641 302.052464 302.349450
								 302.646600 302.943913 303.241390 303.539030 303.836833 304.134799 304.432928 304.731220 305.029676 305.328293 305.627074 305.926017 306.225123 306.524392 306.823822 307.123416
								 307.423171 307.723089 308.023168 308.323410 308.623814 308.924379 309.225107 309.525996 309.827047 310.128259 310.429633 310.731168 311.032865 311.334723 311.636742 311.938922
								 312.241263 312.543765 312.846428 313.149252 313.452237 313.755382 314.058687 314.362153 314.665780 314.969566 315.273513 315.577620 315.881887 316.186314 316.490901 316.795648
								 317.100555 317.405621 317.710846 318.016231 318.321776 318.627479 318.933342 319.239364 319.545546 319.851886 320.158385 320.465042 320.771859 321.078834 321.385968 321.693260
								 322.000710 322.308319 322.616086 322.924010 323.232093 323.540334 323.848733 324.157290 324.466004 324.774876 325.083905 325.393092 325.702436 326.011937 326.321595 326.631411
								 326.941383 327.251512 327.561798 327.872241 328.182840 328.493596 328.804509 329.115577 329.426802 329.738183 330.049720 330.361414 330.673263 330.985267 331.297428 331.609744
								 331.922216 332.234843 332.547625 332.860563 333.173656 333.486904 333.800307 334.113864 334.427577 334.741444 335.055466 335.369643 335.683973 335.998459 336.313098 336.627891
								 336.942839 337.257941 337.573196 337.888605 338.204168 338.519884 338.835754 339.151777 339.467954 339.784284 340.100766 340.417402 340.734191 341.051133 341.368227 341.685474
								 342.002873 342.320425 342.638129 342.955986 343.273994 343.592155 343.910467 344.228932 344.547548 344.866316 345.185235 345.504306 345.823528 346.142901 346.462426 346.782102
								 347.101928 347.421906 347.742034 348.062313 348.382742 348.703322 349.024053 349.344933 349.665964 349.987145 350.308476 350.629956 350.951587 351.273367 351.595296 351.917376
								 352.239604 352.561982 352.884509 353.207185 353.530010 353.852984 354.176106 354.499378 354.822797 355.146366 355.470082 355.793947 356.117960 356.442121 356.766430 357.090887
								 357.415492 357.740244 358.065144 358.390191 358.715385 359.040727 359.366216 359.691852 360.017635 360.343564 360.669640 360.995863 361.322233 361.648748 361.975410 362.302219
								 362.629173 362.956273 363.283519 363.610911 363.938448 364.266131 364.593960 364.921934 365.250053 365.578317 365.906726 366.235280 366.563979 366.892822 367.221811 367.550943
								 367.880220 368.209641 368.539207 368.868916 369.198770 369.528767 369.858908 370.189193 370.519621 370.850192 371.180907 371.511765 371.842766 372.173910 372.505197 372.836627
								 373.168199 373.499914 373.831771 374.163771 374.495912 374.828196 375.160622 375.493190 375.825899 376.158751 376.491743 376.824878 377.158153 377.491570 377.825128 378.158826
								 378.492666 378.826647 379.160768 379.495030 379.829432 380.163974 380.498657 380.833480 381.168443 381.503545 381.838788 382.174170 382.509692 382.845353 383.181153 383.517093
								 383.853172 384.189390 384.525746 384.862242 385.198876 385.535649 385.872560 386.209609 386.546797 386.884123 387.221586 387.559188 387.896927 388.234804 388.572818 388.910970
								 389.249259 389.587686 389.926249 390.264949 390.603787 390.942761 391.281871 391.621118 391.960502 392.300021 392.639677 392.979469 393.319397 393.659460 393.999660 394.339995
								 394.680465 395.021071 395.361812 395.702688 396.043699 396.384845 396.726126 397.067541 397.409091 397.750775 398.092594 398.434547 398.776634 399.118855 399.461209 399.803698
								 400.146320 400.489075 400.831964 401.174987 401.518142 401.861430 402.204852 402.548406 402.892092 403.235912 403.579863 403.923948 404.268164 404.612512 404.956993 405.301605
								 405.646349 405.991224 406.336231 406.681370 407.026640 407.372041 407.717572 408.063235 408.409029 408.754953 409.101008 409.447193 409.793509 410.139955 410.486531 410.833237
								 411.180072 411.527038 411.874133 412.221357 412.568711 412.916194 413.263807 413.611548 413.959418 414.307417 414.655545 415.003801 415.352185 415.700698 416.049339 416.398109
								 416.747006 417.096030 417.445183 417.794463 418.143871 418.493406 418.843068 419.192857 419.542773 419.892816 420.242986 420.593283 420.943706 421.294255 421.644931 421.995732
								 422.346660 422.697714 423.048893 423.400198 423.751629 424.103185 424.454866 424.806673 425.158604 425.510660 425.862842 426.215148 426.567578 426.920133 427.272812 427.625616
								 427.978543 428.331595 428.684770 429.038069 429.391492 429.745038 430.098707 430.452500 430.806416 431.160455 431.514616 431.868901 432.223308 432.577837 432.932489 433.287263
								 433.642159 433.997177 434.352318 434.707580 435.062963 435.418468 435.774095 436.129842 436.485711 436.841701 437.197812 437.554044 437.910396 438.266869 438.623462 438.980175
								 439.337009 439.693963 440.051036 440.408230 440.765543 441.122976 441.480528 441.838199 442.195990 442.553900 442.911928 443.270076 443.628342 443.986727 444.345230 444.703852
								 445.062591 445.421449 445.780425 446.139518 446.498730 446.858059 447.217505 447.577069 447.936750 448.296548 448.656463 449.016495 449.376643 449.736908 450.097290 450.457788
								 450.818402 451.179133 451.539979 451.900941 452.262019 452.623213 452.984522 453.345946 453.707486 454.069140 454.430910 454.792795 455.154794 455.516908 455.879137 456.241480
								 456.603937 456.966508 457.329193 457.691992 458.054905 458.417932 458.781072 459.144325 459.507692 459.871172 460.234765 460.598470 460.962289 461.326220 461.690263 462.054419
								 462.418688 462.783068 463.147561 463.512165 463.876881 464.241709 464.606648 464.971699 465.336861 465.702134 466.067518 466.433013 466.798619 467.164335 467.530162 467.896100
								 468.262148 468.628305 468.994573 469.360951 469.727439 470.094036 470.460743 470.827559 471.194484 471.561519 471.928663 472.295915 472.663277 473.030747 473.398325 473.766012
								 474.133808 474.501711 474.869723 475.237842 475.606069 475.974404 476.342847 476.711397 477.080054 477.448818 477.817690 478.186668 478.555753 478.924945 479.294243 479.663648
								 480.033159 480.402777 480.772500 481.142329 481.512264 481.882305 482.252452 482.622703 482.993061 483.363523 483.734090 484.104763 484.475540 484.846421 485.217408 485.588499
								 485.959694 486.330993 486.702397 487.073904 487.445515 487.817230 488.189049 488.560970 488.932996 489.305124 489.677356 490.049690 490.422127 490.794668 491.167310 491.540055
								 491.912903 492.285852 492.658904 493.032058 493.405313 493.778670 494.152129 494.525690 494.899351 495.273114 495.646978 496.020943 496.395009 496.769175 497.143443 497.517810
								 497.892278 498.266846 498.641515 499.016283 499.391151 499.766119 500.141187 500.516354 500.891620 501.266986 501.642450 502.018014 502.393677 502.769438 503.145298 503.521257
								 503.897314 504.273469 504.649722 505.026074 505.402523 505.779070 506.155714 506.532456 506.909296 507.286233 507.663267 508.040398 508.417626 508.794950 509.172372 509.549890
								 509.927504 510.305215 510.683021 511.060924 511.438923 511.817017 512.195208 512.573493 512.951875 513.330351 513.708923 514.087589 514.466351 514.845208 515.224159 515.603205
								 515.982345 516.361580 516.740908 517.120331 517.499848 517.879459 518.259163 518.638961 519.018853 519.398838 519.778916 520.159087 520.539351 520.919708 521.300158 521.680700
								 522.061335 522.442062 522.822882 523.203794 523.584797 523.965893 524.347080 524.728359 525.109730 525.491192 525.872745 526.254389 526.636125 527.017951 527.399868 527.781876
								 528.163974 528.546163 528.928442 529.310812 529.693271 530.075821 530.458460 530.841189 531.224007 531.606915 531.989912 532.372999 532.756175 533.139439 533.522793 533.906235
								 534.289766 534.673385 535.057093 535.440889 535.824773 536.208745 536.592805 536.976953 537.361189 537.745512 538.129922 538.514420 538.899005 539.283677 539.668436 540.053282
								 540.438214 540.823234 541.208339 541.593531 541.978809 542.364173 542.749624 543.135160 543.520781 543.906489 544.292282 544.678160 545.064124 545.450173 545.836306 546.222525
								 546.608829 546.995217 547.381689 547.768247 548.154888 548.541614 548.928424 549.315317 549.702295 550.089356 550.476501 550.863729 551.251041 551.638436 552.025914 552.413476
								 552.801120 553.188846 553.576656 553.964548 554.352522 554.740579 555.128718 555.516939 555.905242 556.293627 556.682093 557.070642 557.459271 557.847982 558.236774 558.625648
								 559.014602 559.403637 559.792753 560.181950 560.571227 560.960585 561.350023 561.739541 562.129140 562.518818 562.908576 563.298414 563.688331 564.078328 564.468404 564.858560
								 565.248795 565.639108 566.029501 566.419972 566.810522 567.201151 567.591858 567.982644 568.373507 568.764449 569.155469 569.546567 569.937742 570.328995 570.720325 571.111733
								 571.503219 571.894781 572.286421 572.678137 573.069930 573.461800 573.853747 574.245770 574.637869 575.030045 575.422297 575.814625 576.207028 576.599508 576.992063 577.384694
								 577.777400 578.170182 578.563039 578.955971 579.348978 579.742060 580.135216 580.528448 580.921753 581.315134 581.708588 582.102117 582.495720 582.889397 583.283147 583.676972
								 584.070870 584.464841 584.858886 585.253005 585.647196 586.041461 586.435798 586.830209 587.224692 587.619247 588.013876 588.408576 588.803349 589.198194 589.593111 589.988100
								 590.383161 590.778294 591.173498 591.568774 591.964121 592.359539 592.755029 593.150589 593.546221 593.941923 594.337696 594.733540 595.129454 595.525438 595.921493 596.317618
								 596.713813 597.110078 597.506412 597.902817 598.299291 598.695835 599.092447 599.489130 599.885881 600.282701 600.679591 601.076549 601.473576 601.870671 602.267835 602.665068
								 603.062368 603.459737 603.857174 604.254679 604.652251 605.049892 605.447600 605.845375 606.243218 606.641129 607.039106 607.437150 607.835262 608.233440 608.631685 609.029997
								 609.428375 609.826820 610.225331 610.623908 611.022551 611.421260 611.820035 612.218876 612.617783 613.016755 613.415793 613.814895 614.214064 614.613297 615.012595 615.411958
								 615.811386 616.210879 616.610436 617.010058 617.409744 617.809494 618.209309 618.609187 619.009130 619.409136 619.809206 620.209340 620.609537 621.009798 621.410122 621.810509
								 622.210959 622.611472 623.012048 623.412687 623.813389 624.214153 624.614979 625.015868 625.416819 625.817832 626.218908 626.620045 627.021244 627.422505 627.823827 628.225211
								 628.626656 629.028163 629.429730 629.831359 630.233049 630.634800 631.036611 631.438483 631.840416 632.242409 632.644463 633.046577 633.448750 633.850984 634.253278 634.655632
								 635.058045 635.460519 635.863051 636.265643 636.668294 637.071005 637.473775 637.876603 638.279491 638.682437 639.085442 639.488506 639.891628 640.294809 640.698048 641.101345
								 641.504700 641.908113 642.311584 642.715112 643.118699 643.522343 643.926044 644.329803 644.733619 645.137492 645.541423 645.945410 646.349454 646.753555 647.157712 647.561927
								 647.966197 648.370524 648.774907 649.179346 649.583842 649.988393 650.393000 650.797663 651.202382 651.607156 652.011985 652.416870 652.821810 653.226806 653.631856 654.036961
								 654.442121 654.847336 655.252606 655.657930 656.063308 656.468741 656.874228 657.2atad0 657.685365 658.091014 658.496717 658.902474 659.308285 659.714149 660.120066 660.526037
								 660.932061 661.338139 661.744269 662.150453 662.556689 662.962978 663.369320 663.775714 664.182161 664.588660 664.995211 665.401815 665.808470 666.215178 666.621937 667.028749
								 667.435612 667.842526 668.249493 668.656510 669.063579 669.470699 669.877870 670.285093 670.692366 671.099690 671.507064 671.914490 672.321966 672.729492 673.137069 673.544695
								 673.952373 674.360100 674.767877 675.175704 675.583581 675.991507 676.399483 676.807508 677.215583 677.623708 678.031881 678.440103 678.848375 679.256695 679.665065 680.073483
								 680.481949 680.890464 681.299028 681.707640 682.116300 682.525009 682.933765 683.342569 683.751422 684.160322 684.569270 684.978265 685.387308 685.796398 686.205536 686.614721
								 687.023953 687.433232 687.842558 688.251931 688.661351 689.070817 689.480330 689.889889 690.299495 690.709147 691.118846 691.528590 691.938380 692.348217 692.758099 693.168027
								 693.578001 693.988020 694.398085 694.808195 695.218350 695.628551 696.038797 696.449087 696.859423 697.269804 697.680229 698.090699 698.501213 698.911772 699.322376 699.733023
								 700.143715 700.554451 700.965231 701.376055 701.786923 702.197835 702.608790 703.019789 703.430831 703.841917 704.253046 704.664218 705.075433 705.486692 705.897993 706.309337
								 706.720724 707.132154 707.543626 707.955141 708.366698 708.778298 709.189940 709.601624 710.013350 710.425118 710.836928 711.248779 711.660673 712.072608 712.484585 712.896603
								 713.308662 713.720763 714.132905 714.545088 714.957312 715.369577 715.781883 716.194229 716.606616 717.019044 717.431512 717.844021 718.256570 718.669160 719.081789 719.494459
								 719.907168 720.319917 720.732707 721.145536 721.558404 721.971312 722.384260 722.797247 723.210273 723.623339 724.036443 724.449587 724.862770 725.275991 725.689251 726.102550
								 726.515888 726.929264 727.342678 727.756131 728.169623 728.583152 728.996719 729.410325 729.823968 730.237650 730.651369 731.065126 731.478920 731.892752 732.306621 732.720528
								 733.134472 733.548453 733.962472 734.376527 734.790619 735.204748 735.618914 736.033117 736.447356 736.861632 737.275944 737.690293 738.104677 738.519098 738.933556 739.348049
								 739.762578 740.177143 740.591744 741.006380 741.421052 741.835760 742.25#503 742.665282 743.080096 743.494945 743.909829 744.324748 744.739702 745.154691 745.569715 745.984774
								 746.399867 746.814995 747.230158 747.645355 748.060586 748.475851 748.891151 749.306485 749.721852 750.137254 750.552689 750.968159 751.383662 751.799198 752.214768 752.630372
								 753.046009 753.461679 753.877383 754.293119 754.708889 755.124692 755.540527 755.956396 756.372297 756.788231 757.204197 757.620196 758.036228 758.452291 758.868388 759.284516
								 759.700676 760.116869 760.533093 760.949349 761.365637 761.781957 762.198309 762.614692 763.031106 763.447553 763.864030 764.280539 764.697078 765.113649 765.530252 765.946885
								 766.363548 766.780243 767.196969 767.613725 768.030512 768.447329 768.864176 769.281055 769.697963 770.114901 770.531870 770.948869 771.365898 771.782956 772.200045 772.617163
								 773.034311 773.451488 773.868695 774.285932 774.703198 775.120493 775.537818 775.955171 776.372554 776.789966 777.207406 777.624876 778.042374 778.459901 778.877457 779.295041
								 779.712654 780.130295 780.547965 780.965662 781.383388 781.801142 782.218925 782.636735 783.054573 783.472439 783.890332 784.308254 784.726203 785.144179 785.562183 785.980215
								 786.398274 786.816360 787.234473 787.652613 788.070780 788.488975 788.907196 789.325444 789.743719 790.162020 790.580348 790.998703 791.417084 791.835492 792.253925 792.672385
								 793.090872 793.509384 793.927922 794.346487 794.765077 795.183693 795.602335 796.021003 796.439696 796.858415 797.277159 797.695928 798.114723 798.533544 798.952389 799.371260
								 799.790155 800.209076 800.628021 801.046992 801.465987 801.885007 802.304051 802.723120 803.142214 803.561332 803.980474 804.399641 804.818832 805.238047 805.657286 806.076550
								 806.495837 806.915148 807.334483 807.753841 808.173224 808.592630 809.012059 809.431512 809.850988 810.270488 810.690011 811.109557 811.529127 811.948719 812.368334 812.787973
								 813.207634 813.627318 814.047025 814.466754 814.886506 815.306281 815.726078 816.145898 816.565740 816.985604 817.405490 817.825398 818.245329 818.665282 819.085256 819.505252
								 819.925271 820.345310 820.765372 821.185455 821.605560 822.025686 822.445834 822.866003 823.286193 823.706405 824.126638 824.546891 824.967166 825.387462 825.807779 826.228116
								 826.648475 827.068854 827.489253 827.909673 828.330114 828.750575 829.171057 829.591559 830.012081 830.432623 830.853186 831.273768 831.694371 864.114993 832.535636 832.956298
								 833.376980 833.797682 834.218403 834.639144 835.059904 835.480684 835.901483 836.322301 836.743139 837.163996 837.584872 838.005767 838.426681 838.847614 839.268566 839.689536
								 840.110526 840.531534 840.952560 841.373606 841.794669 842.215752 842.636852 843.057971 843.479108 843.900264 844.321437 844.742629 845.163838 845.585066 846.006311 846.427575
								 846.848856 847.270154 847.691471 848.112805 848.534156 848.955525 849.376912 849.798315 850.219736 850.641174 851.062630 851.484102 851.905592 852.327098 852.748622 853.170162
								 853.591719 854.013293 854.434884 854.856491 855.278115 855.699755 856.121412 856.543085 856.964774 857.386480 857.808202 858.229940 858.651694 859.073464 859.495250 859.917052
								 860.338870 860.760704 861.182554 861.604419 862.026300 862.448196 862.870108 863.292036 863.713979 864.135937 864.557910 864.979899 865.401903 865.823922 866.245956 866.668005
								 867.090069 867.512147 867.934241 868.356350 868.778473 869.200611 869.622763 870.044930 870.467111 870.889307 871.311517 871.733742 872.155981 872.578234 873.000501 873.422782
								 873.845078 874.267387 874.689710 875.112047 875.534398 875.956763 876.379141 876.801533 877.223939 877.646358 878.068791 878.491237 878.913696 879.336169 879.758655 880.181154
								 880.603667 881.026192 881.448731 881.871282 882.293847 882.716424 883.139014 883.561617 883.984233 884.406861 884.829502 885.252155 885.674821 886.097500 886.520191 886.942894
								 887.365609 887.788337 888.211077 888.633829 889.056593 889.479369 889.902157 890.324957 890.747769 891.170592 891.593427 892.016275 892.439133 892.862004 893.284885 893.707779
								 894.130684 894.553600 894.976527 895.399466 895.822416 896.245377 896.668350 897.091333 897.514327 897.937333 898.360349 898.783376 899.206414 899.629463 900.052522 900.475592
								 900.898673 901.321764 901.744866 902.167978 902.591101 903.014234 903.437377 903.860531 904.283695 904.706868 905.130052 905.553246 905.976450 906.399664 906.822888 907.246122
								 907.669365 908.092619 908.515882 908.939154 909.362436 909.785728 910.209029 910.632340 911.055660 911.478990 911.902328 912.325676 912.749033 913.172400 913.595775 914.019159
								 914.442553 914.865955 915.289367 915.712787 916.136216 916.559653 916.983100 917.406555 917.830019 918.253491 918.676972 919.100461 919.523958 919.947464 920.370979 920.794501
								 921.218032 921.641571 922.065118 922.488673 922.912237 923.335808 923.759387 924.182974 924.606569 925.030171 925.453782 925.877400 926.301026 926.724659 927.148300 927.571948
								 927.995604 928.419268 928.842938 929.266616 929.690301 930.113994 930.537694 930.961400 931.385114 931.808835 932.232563 932.656298 933.080040 933.503788 933.927544 934.351306
								 934.775075 935.198850 935.622633 936.046421 936.470217 936.894019 937.317827 937.741642 938.165463 938.589290 939.013123 939.436963 939.860809 940.284661 940.708519 941.132384
								 941.556254 941.980130 942.404012 942.827900 943.251794 943.675693 944.099598 944.523509 944.947426 945.371348 945.795275 946.219208 946.643147 947.067091 947.491040 947.914995
								 948.338955 948.762920 949.186891 949.610866 950.034847 950.458833 950.882823 951.306819 951.730820 952.154825 952.578835 953.002851 953.426870 953.850895 954.274924 954.698958
								 955.122997 955.547040 955.971087 956.395139 956.819196 957.243257 957.667322 958.091391 958.515465 958.939543 959.363625 959.787711 960.211801 960.635895 961.059993 961.484095
								 961.908201 962.332311 962.756425 963.180543 963.604664 964.028789 964.452917 964.877050 965.301185 965.725325 966.149467 966.573614 966.997763 967.421916 967.846073 968.270232
								 968.694395 969.118561 969.542730 969.966903 970.391078 970.815257 971.239438 971.663622 972.087810 972.512000 972.936193 973.360389 973.784587 974.208789 974.632993 975.057199
								 975.481408 975.905620 976.329834 976.754051 977.178270 977.602492 978.026716 978.450942 978.875170 979.299401 979.723634 980.147869 980.572106 980.996345 981.420587 981.844830
								 982.269075 982.693323 983.117572 983.541822 983.966075 984.390330 984.814586 985.238844 985.663103 986.087364 986.511627 986.935891 987.360157 987.784424 988.208693 988.632963
								 989.057234 989.481507 989.905781 990.330056 990.754332 991.178610 991.602888 992.027168 992.451448 992.875730 993.300013 993.724296 994.148581 994.572866 994.997152 995.421439
								 995.845727 996.270015 996.694304 997.118593 997.542884 997.967174 998.391466 998.815757 999.240050 999.664342 1000.088635 1000.512928 1000.937222 1001.361516 1001.785810 1002.210104
								 1002.634398 1003.058693 1003.482987 1003.907282 1004.331577 1004.755871 1005.180166 1005.604460 1006.028754 1006.453048 1006.877342 1007.301636 1007.725929 1008.150222 1008.574515 1008.998807
								 1009.423099 1009.847390 1010.271681 1010.695971 1011.120261 1011.544550 1011.968839 1012.393126 1012.817413 1013.241700 1013.665985 1014.090270 1014.514554 1014.938837 1015.363119 1015.787400
								 1016.211680 1016.635960 1017.060238 1017.484515 1017.908790 1018.333065 1018.757339 1019.181611 1019.605882 1020.030152 1020.454420 1020.878687 1021.302952 1021.727217 1022.151479 1022.575740
						</SingleSampledCurve>
					</CurveSetElement>
					<!--curve{JNDtoL} converts Just Noticeable Difference level (JND) to Luminance (L) -->
					<CurveSetElement Name="JNDtoL" InputChannels="1" OutputChannels="1"> 
						<SingleSampledCurve Start="-infinity" End="+infinity" FirstEntry="1.0" LastEntry="1023.0" StorageType="0" ExtensionType="0">
							 0.049982 0.051232 0.052394 0.053532 0.054670 0.055818 0.056981 0.058160 0.059356 0.060569 0.061799 0.063045 0.064308 0.065586 0.066879 0.068188
							 0.069511 0.070850 0.072203 0.073570 0.074952 0.076347 0.077757 0.079181 0.080619 0.082071 0.083537 0.085016 0.086509 0.088016 0.089537 0.091072
							 0.092621 0.094183 0.095759 0.097349 0.098952 0.100570 0.102201 0.103846 0.105505 0.107178 0.108865 0.110566 0.112281 0.114010 0.115753 0.117509
							 0.119280 0.121066 0.122865 0.124678 0.126506 0.128348 0.130204 0.132074 0.133959 0.135858 0.137772 0.139700 0.141643 0.143600 0.145571 0.147557
							 0.149558 0.151573 0.153603 0.155648 0.157708 0.159782 0.161871 0.163975 0.166094 0.168228 0.170376 0.172540 0.174719 0.176913 0.179121 0.181345
							 0.183585 0.185839 0.188109 0.190394 0.192694 0.195009 0.197340 0.199687 0.202049 0.204426 0.206819 0.209227 0.211651 0.214091 0.216546 0.219017
							 0.221504 0.224006 0.226524 0.229059 0.231609 0.234175 0.236756 0.239354 0.241968 0.244598 0.247244 0.249906 0.252585 0.255279 0.257990 0.260717
							 0.263460 0.266220 0.268996 0.271789 0.274597 0.277423 0.280265 0.283123 0.285998 0.288890 0.291798 0.294723 0.297665 0.300624 0.303599 0.306591
							 0.309600 0.312626 0.315669 0.318729 0.321806 0.324900 0.328011 0.331139 0.334284 0.337447 0.340626 0.343823 0.347037 0.350269 0.353518 0.356784
							 0.360068 0.363370 0.366688 0.370025 0.373379 0.376750 0.380140 0.383546 0.386971 0.390414 0.393874 0.397352 0.400848 0.404362 0.407893 0.411443
							 0.415011 0.418597 0.422200 0.425822 0.429463 0.433121 0.436798 0.440492 0.444206 0.447937 0.451687 0.455455 0.459242 0.463047 0.466871 0.470713
							 0.474574 0.478453 0.482351 0.486268 0.490204 0.494158 0.498131 0.502123 0.506134 0.510164 0.514213 0.518280 0.522367 0.526473 0.530598 0.534742
							 0.538905 0.543087 0.547289 0.551510 0.555750 0.560010 0.564289 0.568587 0.572905 0.577242 0.581599 0.585976 0.590372 0.594787 0.599223 0.603678
							 0.608153 0.612647 0.617162 0.621696 0.626251 0.630825 0.635419 0.640033 0.644667 0.649322 0.653996 0.658691 0.663406 0.668141 0.672896 0.677672
							 0.682468 0.687284 0.692121 0.696978 0.701856 0.706754 0.711673 0.716613 0.721573 0.726554 0.731555 0.736577 0.741621 0.746685 0.751769 0.756875
							 0.762002 0.767150 0.772318 0.777508 0.782719 0.787951 0.793204 0.798479 0.803774 0.809091 0.814430 0.819789 0.825171 0.830573 0.835997 0.841443
							 0.846910 0.852399 0.857909 0.863441 0.868995 0.874570 0.880168 0.885787 0.891428 0.897091 0.902776 0.908483 0.914212 0.919963 0.925736 0.931531
							 0.937348 0.943188 0.949050 0.954934 0.960841 0.966770 0.972721 0.978695 0.984691 0.990710 0.996752 1.002816 1.008903 1.015012 1.021144 1.027299
							 1.033477 1.039678 1.045901 1.052148 1.058417 1.064710 1.071025 1.077364 1.083726 1.090111 1.096519 1.102951 1.109405 1.115883 1.122385 1.128910
							 1.135458 1.142030 1.148626 1.155245 1.161887 1.168554 1.175244 1.181958 1.188695 1.195457 1.202242 1.209051 1.215884 1.222742 1.229623 1.236528
							 1.243458 1.250411 1.257389 1.264391 1.271417 1.278468 1.285543 1.292643 1.299767 1.306915 1.314088 1.321286 1.328508 1.335755 1.343026 1.350322
							 1.357644 1.364990 1.372360 1.379756 1.387177 1.394623 1.402093 1.409589 1.417110 1.424657 1.432228 1.439825 1.447447 1.455094 1.462767 1.470465
							 1.478189 1.485938 1.493713 1.501513 1.509339 1.517191 1.525068 1.532972 1.540901 1.548856 1.556836 1.564843 1.572876 1.580935 1.589020 1.597131
							 1.605269 1.613432 1.621622 1.629838 1.638081 1.646349 1.654645 1.662967 1.671315 1.679690 1.688092 1.696520 1.704975 1.713457 1.721965 1.730501
							 1.739063 1.747652 1.756269 1.764912 1.773582 1.782280 1.791004 1.799756 1.808535 1.817342 1.826176 1.835037 1.843926 1.852842 1.861785 1.870757
							 1.879756 1.888782 1.897837 1.906919 1.916029 1.925166 1.934332 1.943526 1.952747 1.961997 1.971275 1.980581 1.989915 1.999277 2.008668 2.018087
							 2.027534 2.037010 2.046515 2.056047 2.065609 2.075199 2.084817 2.094465 2.104141 2.113846 2.123580 2.133342 2.143134 2.152955 2.162805 2.172683
							 2.182591 2.192529 2.202495 2.212491 2.222516 2.232570 2.242654 2.252768 2.262911 2.273083 2.283285 2.293517 2.303779 2.314070 2.324391 2.334742
							 2.345123 2.355534 2.365975 2.376447 2.386948 2.397479 2.408041 2.418633 2.429255 2.439908 2.450591 2.461305 2.472049 2.482823 2.493629 2.504465
							 2.515332 2.526229 2.537158 2.548117 2.559107 2.570128 2.581181 2.592264 2.603379 2.614524 2.625701 2.636910 2.648149 2.659420 2.670723 2.682057
							 2.693422 2.704820 2.716248 2.727709 2.739201 2.750725 2.762281 2.773869 2.785489 2.797141 2.808825 2.820542 2.832290 2.844071 2.855884 2.867729
							 2.879607 2.891517 2.903460 2.915435 2.927443 2.939483 2.951556 2.963663 2.975801 2.987973 3.000178 3.012416 3.024686 3.036990 3.049327 3.061698
							 3.074101 3.086538 3.099008 3.111512 3.124049 3.136620 3.149224 3.161862 3.174534 3.187239 3.199978 3.212751 3.225558 3.238399 3.251275 3.264184
							 3.277127 3.290105 3.303116 3.316163 3.329243 3.342358 3.355508 3.368692 3.30.866154 301.162486 301.458981 301.755641 302.052464 302.349450
								 302.646600 302.943913 303.241390 303.539030 303.836833 304.134799 304.432928 304.731220 305.029676 305.328293 305.627074 305.926017 306.225123 306.524392 306.823822 307.123416
								 307.423171 307.723089 308.023168 308.323410 308.623814 308.924379 309.225107 309.525996 309.827047 310.128259 310.429633 310.731168 311.032865 311.334723 311.636742 311.938922
								 312.241263 312.543765 312.846428 313.149252 313.452237 313.755382 314.058687 314.362153 314.665780 314.969566 315.273513 315.577620 315.881887 316.186314 316.490901 316.795648
								 317.100555 317.405621 317.710846 318.016231 318.321776 318.627479 318.933342 319.239364 319.545546 319.851886 320.158385 320.465042 320.771859 321.078834 321.385968 321.693260
								 322.000710 322.308319 322.616086 322.924010 323.232093 323.540334 323.848733 324.157290 324.466004 324.774876 325.083905 325.393092 325.702436 326.011937 326.321595 326.631411
								 326.941383 327.251512 327.561798 327.872241 328.182840 328.493596 328.804509 329.115577 329.426802 329.738183 330.049720 330.361414 330.673263 330.985267 331.297428 331.609744
								 331.922216 332.234843 332.547625 332.860563 333.173656 333.486904 333.800307 334.113864 334.427577 334.741444 335.055466 335.369643 335.683973 335.998459 336.313098 336.627891
								 336.942839 337.257941 337.573196 337.888605 338.204168 338.519884 338.835754 339.151777 339.467954 339.784284 340.100766 340.417402 340.734191 341.051133 341.368227 341.685474
								 342.002873 342.320425 342.638129 342.955986 343.273994 343.592155 343.910467 344.228932 344.547548 344.866316 345.185235 345.504306 345.823528 346.142901 346.462426 346.782102
								 347.101928 347.421906 347.742034 348.062313 348.382742 348.703322 349.024053 349.344933 349.665964 349.987145 350.308476 350.629956 350.951587 351.273367 351.595296 351.917376
								 352.239604 352.561982 352.884509 353.207185 353.530010 353.852984 354.176106 354.499378 354.822797 355.146366 355.470082 355.793947 356.117960 356.442121 356.766430 357.090887
								 357.415492 357.740244 358.065144 358.390191 358.715385 359.040727 359.366216 359.691852 360.017635 360.343564 360.669640 360.995863 361.322233 361.648748 361.975410 362.302219
								 362.629173 362.956273 363.283519 363.610911 363.938448 364.266131 364.593960 364.921934 365.250053 365.578317 365.906726 366.235280 366.563979 366.892822 367.221811 367.550943
								 367.880220 368.209641 368.539207 368.868916 369.198770 369.528767 369.858908 370.189193 370.519621 370.850192 371.180907 371.511765 371.842766 372.173910 372.505197 372.836627
								 373.168199 373.499914 373.831771 374.163771 374.495912 374.828196 375.160622 375.493190 375.825899 376.158751 376.491743 376.824878 377.158153 377.491570 377.825128 378.158826
								 378.492666 378.826647 379.160768 379.495030 379.829432 380.163974 380.498657 380.833480 381.168443 381.503545 381.838788 382.174170 382.509692 382.845353 383.181153 383.517093
								 383.853172 384.189390 384.525746 384.862242 385.198876 385.535649 385.872560 386.209609 386.546797 386.884123 387.221586 387.559188 387.896927 388.234804 388.572818 388.910970
								 389.249259 389.587686 389.926249 390.264949 390.603787 390.942761 391.281871 391.621118 391.960502 392.300021 392.639677 392.979469 393.319397 393.659460 393.999660 394.339995
								 394.680465 395.021071 395.361812 395.702688 396.043699 396.384845 396.726126 397.067541 397.409091 397.750775 398.092594 398.434547 398.776634 399.118855 399.461209 399.803698
								 400.146320 400.489075 400.831964 401.174987 401.518142 401.861430 402.204852 402.548406 402.892092 403.235912 403.579863 403.923948 404.268164 404.612512 404.956993 405.301605
								 405.646349 405.991224 406.336231 406.681370 407.026640 407.372041 407.717572 408.063235 408.409029 408.754953 409.101008 409.447193 409.793509 410.139955 410.486531 410.833237
								 411.180072 411.527038 411.874133 412.221357 412.568711 412.916194 413.263807 413.611548 413.959418 414.307417 414.655545 415.003801 415.352185 415.700698 416.049339 416.398109
								 416.747006 417.096030 417.445183 417.794463 418.143871 418.493406 418.843068 419.192857 419.542773 419.892816 420.242986 420.593283 420.943706 421.294255 421.644931 421.995732
								 422.346660 422.697714 423.048893 423.400198 423.751629 424.103185 424.454866 424.806673 425.158604 425.510660 425.862842 426.215148 426.567578 426.920133 427.272812 427.625616
								 427.978543 428.331595 428.684770 429.038069 429.391492 429.745038 430.098707 430.452500 430.806416 431.160455 431.514616 431.868901 432.223308 432.577837 432.932489 433.287263
								 433.642159 433.997177 434.352318 434.707580 435.062963 435.418468 435.774095 436.129842 436.485711 436.841701 437.197812 437.554044 437.910396 438.266869 438.623462 438.980175
								 439.337009 439.693963 440.051036 440.408230 440.765543 441.122976 441.480528 441.838199 442.195990 442.553900 442.911928 443.270076 443.628342 443.986727 444.345230 444.703852
								 445.062591 445.421449 445.780425 446.139518 446.498730 446.858059 447.217505 447.577069 447.936750 448.296548 448.656463 449.016495 449.376643 449.736908 450.097290 450.457788
								 450.818402 451.179133 451.539979 451.900941 452.262019 452.623213 452.984522 453.345946 453.707486 454.069140 454.430910 454.792795 455.154794 455.516908 455.879137 456.241480
								 456.603937 456.966508 457.329193 457.691992 458.054905 458.417932 458.781072 459.144325 459.507692 459.871172 460.234765 460.598470 460.962289 461.326220 461.690263 462.054419
								 462.418688 462.783068 463.147561 463.512165 463.876881 464.241709 464.606648 464.971699 465.336861 465.702134 466.067518 466.433013 466.798619 467.164335 467.530162 467.896100
								 468.262148 468.628305 468.994573 469.360951 469.727439 470.094036 470.460743 470.827559 471.194484 471.561519 471.928663 472.295915 472.663277 473.030747 473.398325 473.766012
								 474.133808 474.501711 474.869723 475.237842 475.606069 475.974404 476.342847 476.711397 477.080054 477.448818 477.817690 478.186668 478.555753 478.924945 479.294243 479.663648
								 480.033159 480.402777 480.772500 481.142329 481.512264 481.882305 482.252452 482.622703 482.993061 483.363523 483.734090 484.104763 484.475540 484.846421 485.217408 485.588499
								 485.959694 486.330993 486.702397 487.073904 487.445515 487.817230 488.189049 488.560970 488.932996 489.305124 489.677356 490.049690 490.422127 490.794668 491.167310 491.540055
								 491.912903 492.285852 492.658904 493.032058 493.405313 493.778670 494.152129 494.525690 494.899351 495.273114 495.646978 496.020943 496.395009 496.769175 497.143443 497.517810
								 497.892278 498.266846 498.641515 499.016283 499.391151 499.766119 500.141187 500.516354 500.891620 501.266986 501.642450 502.018014 502.393677 502.769438 503.145298 503.521257
								 503.897314 504.273469 504.649722 505.026074 505.402523 505.779070 506.155714 506.532456 506.909296 507.286233 507.663267 508.040398 508.417626 508.794950 509.172372 509.549890
								 509.927504 510.305215 510.683021 511.060924 511.438923 511.817017 512.195208 512.573493 512.951875 513.330351 513.708923 514.087589 514.466351 514.845208 515.224159 515.603205
								 515.982345 516.361580 516.740908 517.120331 517.499848 517.879459 518.259163 518.638961 519.018853 519.398838 519.778916 520.159087 520.539351 520.919708 521.300158 521.680700
								 522.061335 522.442062 522.822882 523.203794 523.584797 523.965893 524.347080 524.728359 525.109730 525.491192 525.872745 526.254389 526.636125 527.017951 527.399868 527.781876
								 528.163974 528.546163 528.928442 529.310812 529.693271 530.075821 530.458460 530.841189 531.224007 531.606915 531.989912 532.372999 532.756175 533.139439 533.522793 533.906235
								 534.289766 534.673385 535.057093 535.440889 535.824773 536.208745 536.592805 536.976953 537.361189 537.745512 538.129922 538.514420 538.899005 539.283677 539.668436 540.053282
								 540.438214 540.823234 541.208339 541.593531 541.978809 542.364173 542.749624 543.135160 543.520781 543.906489 544.292282 544.678160 545.064124 545.450173 545.836306 546.222525
								 546.608829 546.995217 547.381689 547.768247 548.154888 548.541614 548.928424 549.315317 549.702295 550.089356 550.476501 550.863729 551.251041 551.638436 552.025914 552.413476
								 552.801120 553.188846 553.576656 553.964548 554.352522 554.740579 555.128718 555.516939 555.905242 556.293627 556.682093 557.070642 557.459271 557.847982 558.236774 558.625648
								 559.014602 559.403637 559.792753 560.181950 560.571227 560.960585 561.350023 561.739541 562.129140 562.518818 562.908576 563.298414 563.688331 564.078328 564.468404 564.858560
								 565.248795 565.639108 566.029501 566.419972 566.810522 567.201151 567.591858 567.982644 568.373507 568.764449 569.155469 569.546567 569.937742 570.328995 570.720325 571.111733
								 571.503219 571.894781 572.286421 572.678137 573.069930 573.461800 573.853747 574.245770 574.637869 575.030045 575.422297 575.814625 576.207028 576.599508 576.992063 577.384694
								 577.777400 578.170182 578.563039 578.955971 579.348978 579.742060 580.135216 580.528448 580.921753 581.315134 581.708588 582.102117 582.495720 582.889397 583.283147 583.676972
								 584.070870 584.464841 584.858886 585.253005 585.647196 586.041461 586.435798 586.830209 587.224692 587.619247 588.013876 588.408576 588.803349 589.198194 589.593111 589.988100
								 590.383161 590.778294 591.173498 591.568774 591.964121 592.359539 592.755029 593.150589 593.546221 593.941923 594.337696 594.733540 595.129454 595.525438 595.921493 596.317618
								 596.713813 597.110078 597.506412 597.902817 598.299291 598.695835 599.092447 599.489130 599.885881 600.282701 600.679591 601.076549 601.473576 601.870671 602.267835 602.665068
								 603.062368 603.459737 603.857174 604.254679 604.652251 605.049892 605.447600 605.845375 606.243218 606.641129 607.039106 607.437150 607.835262 608.233440 608.631685 609.029997
								 609.428375 609.826820 610.225331 610.623908 611.022551 611.421260 611.820035 612.218876 612.617783 613.016755 613.415793 613.814895 614.214064 614.613297 615.012595 615.411958
								 615.811386 616.210879 616.610436 617.010058 617.409744 617.809494 618.209309 618.609187 619.009130 619.409136 619.809206 620.209340 620.609537 621.009798 621.410122 621.810509
								 622.210959 622.611472 623.012048 623.412687 623.813389 624.214153 624.614979 625.015868 625.416819 625.817832 626.218908 626.620045 627.021244 627.422505 627.823827 628.225211
								 628.626656 629.028163 629.429730 629.831359 630.233049 630.634800 631.036611 631.438483 631.840416 632.242409 632.644463 633.046577 633.448750 633.850984 634.253278 634.655632
								 635.058045 635.460519 635.863051 636.265643 636.668294 637.071005 637.473775 637.876603 638.279491 638.682437 639.085442 639.488506 639.891628 640.294809 640.698048 641.101345
								 641.504700 641.908113 642.311584 642.715112 643.118699 643.522343 643.926044 644.329803 644.733619 645.137492 645.541423 645.945410 646.349454 646.753555 647.157712 647.561927
								 647.966197 648.370524 648.774907 649.179346 649.583842 649.988393 650.393000 650.797663 651.202382 651.607156 652.011985 652.416870 652.821810 653.226806 653.631856 654.036961
								 654.442121 654.847336 655.252606 655.657930 656.063308 656.468741 656.874228 657.279770 657.685365 658.091014 658.496717 658.902474 659.308285 659.714149 660.120066 660.526037
								 660.932061 661.338139 661.744269 662.150453 662.556689 662.962978 663.369320 663.775714 664.182161 664.588660 664.995211 665.401815 665.808470 666.215178 666.621937 667.028749
								 667.435612 667.842526 668.249493 668.656510 669.063579 669.470699 669.877870 670.285093 670.692366 671.099690 671.507064 671.914490 672.321966 672.729492 673.137069 673.544695
								 673.952373 674.360100 674.767877 675.175704 675.583581 675.991507 676.399483 676.807508 677.215583 677.623708 678.031881 678.440103 678.848375 679.256695 679.665065 680.073483
								 680.481949 680.890464 681.299028 681.707640 682.116300 682.525009 682.933765 683.342569 683.751422 684.160322 684.569270 684.978265 685.387308 685.796398 686.205536 686.614721
								 687.023953 687.433232 687.842558 688.251931 688.661351 689.070817 689.480330 689.889889 690.299495 690.709147 691.118846 691.528590 691.938380 692.348217 692.758099 693.168027
								 693.578001 693.988020 694.398085 694.808195 695.218350 695.628551 696.038797 696.449087 696.859423 697.269804 697.680229 698.090699 698.501213 698.911772 699.322376 699.733023
								 700.143715 700.554451 700.965231 701.376055 701.786923 702.197835 702.608790 703.019789 703.430831 703.841917 704.253046 704.664218 705.075433 705.486692 705.897993 706.309337
								 706.720724 707.132154 707.543626 707.955141 708.366698 708.778298 709.189940 709.601624 710.013350 710.425118 710.836928 711.248779 711.660673 712.072608 712.484585 712.896603
								 713.308662 713.720763 714.132905 714.545088 714.957312 715.369577 715.781883 716.194229 716.606616 717.019044 717.431512 717.844021 718.256570 718.669160 719.081789 719.494459
								 719.907168 720.319917 720.732707 721.145536 721.558404 721.971312 722.384260 722.797247 723.210273 723.623339 724.036443 724.449587 724.862770 725.275991 725.689251 726.102550
								 726.515888 726.929264 727.342678 727.756131 728.169623 728.583152 728.996719 729.410325 729.823968 730.237650 730.651369 731.065126 731.478920 731.892752 732.306621 732.720528
								 733.134472 733.548453 733.962472 734.376527 734.790619 735.204748 735.618914 736.033117 736.447356 736.861632 737.275944 737.690293 738.104677 738.519098 738.933556 739.348049
								 739.762578 740.177143 740.591744 741.006380 741.421052 741.835760 742.250503 742.665282 743.080096 743.494945 743.909829 744.324748 744.739702 745.154691 745.569715 745.984774
								 746.399867 746.814995 747.230158 747.645355 748.060586 748.475851 748.891151 749.306485 749.721852 750.137254 750.552689 750.968159 751.383662 751.799198 752.214768 752.630372
								 753.046009 753.461679 753.877383 754.293119 754.708889 755.124692 755.540527 755.956396 756.372297 756.788231 757.204197 757.620196 758.036228 758.452291 758.868388 759.284516
								 759.700676 760.116869 760.533093 760.949349 761.365637 761.781957 762.198309 762.614692 763.031106 763.447553 763.864030 764.280539 764.697078 765.113649 765.530252 765.946885
								 766.363548 766.780243 767.196969 767.613725 768.030512 768.447329 768.864176 769.281055 769.697963 770.114901 770.531870 770.948869 771.365898 771.782956 772.200045 772.617163
								 773.034311 773.451488 773.868695 774.285932 774.703198 775.120493 775.537818 775.955171 776.372554 776.789966 777.207406 777.624876 778.042374 778.459901 778.877457 779.295041
								 779.712654 780.130295 780.547965 780.965662 781.383388 781.801142 782.218925 782.636735 783.054573 783.472439 783.890332 784.308254 784.726203 785.144179 785.562183 785.980215
								 786.398274 786.816360 787.234473 787.652613 788.070780 788.488975 788.907196 789.325444 789.743719 790.162020 790.580348 790.998703 791.417084 791.835492 792.253925 792.672385
								 793.090872 793.509384 793.927922 794.346487 794.765077 795.183693 795.602335 796.021003 796.439696 796.858415 797.277159 797.695928 798.114723 798.533544 798.952389 799.371260
								 799.790155 800.209076 800.628021 801.046992 801.465987 801.885007 802.304051 802.723120 803.142214 803.561332 803.980474 804.399641 804.818832 805.238047 805.657286 806.076550
								 806.495837 806.915148 807.334483 807.753841 808.173224 808.592630 809.012059 809.431512 809.850988 810.270488 810.690011 811.109557 811.529127 811.948719 812.368334 812.787973
								 813.207634 813.627318 814.047025 814.466754 814.886506 815.306281 815.726078 816.145898 816.565740 816.985604 817.405490 817.825398 818.245329 818.665282 819.085256 819.505252
								 819.925271 820.345310 820.765372 821.185455 821.605560 822.025686 822.445834 822.866003 823.286193 823.706405 824.126638 824.546891 824.967166 825.387462 825.807779 826.228116
								 826.648475 827.068854 827.489253 827.909673 828.330114 828.750575 829.171057 829.591559 830.012081 830.432623 830.853186 831.273768 831.694371 832.114993 832.535636 832.956298
								 833.376980 833.797682 834.218403 834.639144 835.059904 835.480684 835.901483 836.322301 836.743139 837.163996 837.584872 838.005767 838.426681 838.847614 839.268566 839.689536
								 840.110526 840.531534 840.952560 841.373606 841.794669 842.215752 842.636852 843.057971 843.479108 843.900264 844.321437 844.742629 845.163838 845.585066 846.006311 846.427575
								 846.848856 847.270154 847.691471 848.112805 848.534156 848.955525 849.376912 849.798315 850.219736 850.641174 851.062630 851.484102 851.905592 852.327098 852.748622 853.170162
								 853.591719 854.013293 854.434884 854.856491 855.278115 855.699755 856.121412 856.543085 856.964774 857.386480 857.808202 858.229940 858.651694 859.073464 859.495250 859.917052
								 860.338870 860.760704 861.182554 861.604419 862.026300 862.448196 862.870108 863.292036 863.713979 864.135937 864.557910 864.979899 865.401903 865.823922 866.245956 866.668005
								 867.090069 867.512147 867.934241 868.356350 868.778473 869.200611 869.622763 870.044930 870.467111 870.889307 871.311517 871.733742 872.155981 872.578234 873.000501 873.422782
								 873.845078 874.267387 874.689710 875.112047 875.534398 875.956763 876.379141 876.801533 877.223939 877.646358 878.068791 878.491237 878.913696 879.336169 879.758655 880.181154
								 880.603667 881.026192 881.448731 881.871282 882.293847 882.716424 883.139014 883.561617 883.984233 884.406861 884.829502 885.252155 885.674821 886.097500 886.520191 886.942894
								 887.365609 887.788337 888.211077 888.633829 889.056593 889.479369 889.902157 890.324957 890.747769 891.170592 891.593427 892.016275 892.439133 892.862004 893.284885 893.707779
								 894.130684 894.553600 894.976527 895.399466 895.822416 896.245377 896.668350 897.091333 897.514327 897.937333 898.360349 898.783376 899.206414 899.629463 900.052522 900.475592
								 900.898673 901.321764 901.744866 902.167978 902.591101 903.014234 903.437377 903.860531 904.283695 904.706868 905.130052 905.553246 905.976450 906.399664 906.822888 907.246122
								 907.669365 908.092619 908.515882 908.939154 909.362436 909.785728 910.209029 910.632340 911.055660 911.478990 911.902328 912.325676 912.749033 913.172400 913.595775 914.019159
								 914.442553 914.865955 915.289367 915.712787 916.136216 916.559653 916.983100 917.406555 917.830019 918.253491 918.676972 919.100461 919.523958 919.947464 920.370979 920.794501
								 921.218032 921.641571 922.065118 922.488673 922.912237 923.335808 923.759387 924.182974 924.606569 925.030171 925.453782 925.877400 926.301026 926.724659 927.148300 927.571948
								 927.995604 928.419268 928.842938 929.266616 929.690301 930.113994 930.537694 930.961400 931.385114 931.808835 932.232563 932.656298 933.080040 933.503788 933.927544 934.351306
								 934.775075 935.198850 935.622633 936.046421 936.470217 936.894019 937.317827 937.741642 938.165463 938.589290 939.013123 939.436963 939.860809 940.284661 940.708519 941.132384
								 941.556254 941.980130 942.404012 942.827900 943.251794 943.675693 944.099598 944.523509 944.947426 945.371348 945.795275 946.219208 946.643147 947.067091 947.491040 947.914995
								 948.338955 948.762920 949.186891 949.610866 950.034847 950.458833 950.882823 951.306819 951.730820 952.154825 952.578835 953.002851 953.426870 953.850895 954.274924 954.698958
								 955.122997 955.547040 955.971087 956.395139 956.819196 957.243257 957.667322 958.091391 958.515465 958.939543 959.363625 959.787711 960.211801 960.635895 961.059993 961.484095
								 961.908201 962.332311 962.756425 963.180543 963.604664 964.028789 964.452917 964.877050 965.301185 965.725325 966.149467 966.573614 966.997763 967.421916 967.846073 968.270232
								 968.694395 969.118561 969.542730 969.966903 970.391078 970.815257 971.239438 971.663622 972.087810 972.512000 972.936193 973.360389 973.784587 974.208789 974.632993 975.057199
								 975.481408 975.905620 976.329834 976.754051 977.178270 977.602492 978.026716 978.450942 978.875170 979.299401 979.723634 980.147869 980.572106 980.996345 981.420587 981.844830
								 982.269075 982.693323 983.117572 983.541822 983.966075 984.390330 984.814586 985.238844 985.663103 986.087364 986.511627 986.935891 987.360157 987.784424 988.208693 988.632963
								 989.057234 989.481507 989.905781 990.330056 990.754332 991.178610 991.602888 992.027168 992.451448 992.875730 993.300013 993.724296 994.148581 994.572866 994.997152 995.421439
								 995.845727 996.270015 996.694304 997.118593 997.542884 997.967174 998.391466 998.815757 999.240050 999.664342 1000.088635 1000.512928 1000.937222 1001.361516 1001.785810 1002.210104
								 1002.634398 1003.058693 1003.482987 1003.907282 1004.331577 1004.755871 1005.180166 1005.604460 1006.028754 1006.453048 1006.877342 1007.301636 1007.725929 1008.150222 1008.574515 1008.998807
								 1009.423099 1009.847390 1010.271681 1010.695971 1011.120261 1011.544550 1011.968839 1012.393126 1012.817413 1013.241700 1013.665985 1014.090270 1014.514554 1014.938837 1015.363119 1015.787400
								 1016.211680 1016.635960 1017.060238 1017.484515 1017.908790 1018.333065 1018.757339 1019.181611 1019.605882 1020.030152 1020.454420 1020.878687 1021.302952 1021.727217 1022.151479 1022.575740
						</SingleSampledCurve>
					</CurveSetElement>
					<!--curve{JNDtoL} converts Just Noticeable Difference level (JND) to Luminance (L) -->
					<CurveSetElement Name="JNDtoL" InputChannels="1" OutputChannels="1"> 
						<SingleSampledCurve Start="-infinity" End="+infinity" FirstEntry="1.0" LastEntry="1023.0" StorageType="0" ExtensionType="0">
							 0.049982 0.051232 0.052394 0.053532 0.054670 0.055818 0.056981 0.058160 0.059356 0.060569 0.061799 0.063045 0.064308 0.065586 0.066879 0.068188
							 0.069511 0.070850 0.072203 0.073570 0.074952 0.076347 0.077757 0.079181 0.080619 0.082071 0.083537 0.085016 0.086509 0.088016 0.089537 0.091072
							 0.092621 0.094183 0.095759 0.097349 0.098952 0.100570 0.102201 0.103846 0.105505 0.107178 0.108865 0.110566 0.112281 0.114010 0.115753 0.117509
							 0.119280 0.121066 0.122865 0.124678 0.126506 0.128348 0.130204 0.132074 0.133959 0.135858 0.137772 0.139700 0.141643 0.143600 0.145571 0.147557
							 0.149558 0.151573 0.153603 0.155648 0.157708 0.159782 0.161871 0.163975 0.166094 0.168228 0.170376 0.172540 0.174719 0.176913 0.179121 0.181345
							 0.183585 0.185839 0.188109 0.190394 0.192694 0.195009 0.197340 0.199687 0.202049 0.204426 0.206819 0.209227 0.211651 0.214091 0.216546 0.219017
							 0.221504 0.224006 0.226524 0.229059 0.231609 0.234175 0.236756 0.239354 0.241968 0.244598 0.247244 0.249906 0.252585 0.255279 0.257990 0.260717
							 0.263460 0.266220 0.268996 0.271789 0.274597 0.277423 0.280265 0.283123 0.285998 0.288890 0.291798 0.294723 0.297665 0.300624 0.303599 0.306591
							 0.309600 0.312626 0.315669 0.318729 0.321806 0.324900 0.328011 0.331139 0.334284 0.337447 0.340626 0.343823 0.347037 0.350269 0.353518 0.356784
							 0.360068 0.363370 0.366688 0.370025 0.373379 0.376750 0.380140 0.383546 0.386971 0.390414 0.393874 0.397352 0.400848 0.404362 0.407893 0.411443
							 0.415011 0.418597 0.422200 0.425822 0.429463 0.433121 0.436798 0.440492 0.444206 0.447937 0.451687 0.455455 0.459242 0.463047 0.466871 0.470713
							 0.474574 0.478453 0.482351 0.486268 0.490204 0.494158 0.498131 0.502123 0.506134 0.510164 0.514213 0.518280 0.522367 0.526473 0.530598 0.534742
							 0.538905 0.543087 0.547289 0.551510 0.555750 0.560010 0.564289 0.568587 0.572905 0.577242 0.581599 0.585976 0.590372 0.594787 0.599223 0.603678
							 0.608153 0.612647 0.617162 0.621696 0.626251 0.630825 0.635419 0.640033 0.644667 0.649322 0.653996 0.658691 0.663406 0.668141 0.672896 0.677672
							 0.682468 0.687284 0.692121 0.696978 0.701856 0.706754 0.711673 0.716613 0.721573 0.726554 0.731555 0.736577 0.741621 0.746685 0.751769 0.756875
							 0.762002 0.767150 0.772318 0.777508 0.782719 0.787951 0.793204 0.798479 0.803774 0.809091 0.814430 0.819789 0.825171 0.830573 0.835997 0.841443
							 0.846910 0.852399 0.857909 0.863441 0.868995 0.874570 0.880168 0.885787 0.891428 0.897091 0.902776 0.908483 0.914212 0.919963 0.925736 0.931531
							 0.937348 0.943188 0.949050 0.954934 0.960841 0.966770 0.972721 0.978695 0.984691 0.990710 0.996752 1.002816 1.008903 1.015012 1.021144 1.027299
							 1.033477 1.039678 1.045901 1.052148 1.058417 1.064710 1.071025 1.077364 1.083726 1.090111 1.096519 1.102951 1.109405 1.115883 1.122385 1.128910
							 1.135458 1.142030 1.148626 1.155245 1.161887 1.168554 1.175244 1.181958 1.188695 1.195457 1.202242 1.209051 1.215884 1.222742 1.229623 1.236528
							 1.243458 1.250411 1.257389 1.264391 1.271417 1.278468 1.285543 1.292643 1.299767 1.306915 1.314088 1.321286 1.328508 1.335755 1.343026 1.350322
							 1.357644 1.364990 1.372360 1.379756 1.387177 1.394623 1.402093 1.409589 1.417110 1.424657 1.432228 1.439825 1.447447 1.455094 1.462767 1.470465
							 1.478189 1.485938 1.493713 1.501513 1.509339 1.517191 1.525068 1.532972 1.540901 1.548856 1.556836 1.564843 1.572876 1.580935 1.589020 1.597131
							 1.605269 1.613432 1.621622 1.629838 1.638081 1.646349 1.654645 1.662967 1.671315 1.679690 1.688092 1.696520 1.704975 1.713457 1.721965 1.730501
							 1.739063 1.747652 1.756269 1.764912 1.773582 1.782280 1.791004 1.799756 1.808535 1.817342 1.826176 1.835037 1.843926 1.852842 1.861785 1.870757
							 1.879756 1.888782 1.897837 1.906919 1.916029 1.925166 1.934332 1.943526 1.952747 1.961997 1.971275 1.980581 1.989915 1.999277 2.008668 2.018087
							 2.027534 2.037010 2.046515 2.056047 2.065609 2.075199 2.084817 2.094465 2.104141 2.113846 2.123580 2.133342 2.143134 2.152955 2.162805 2.172683
							 2.182591 2.192529 2.202495 2.212491 2.222516 2.232570 2.242654 2.252768 2.262911 2.273083 2.283285 2.293517 2.303779 2.314070 2.324391 2.334742
							 2.345123 2.355534 2.365975 2.376447 2.386948 2.397479 2.408041 2.418633 2.429255 2.439908 2.450591 2.461305 2.472049 2.482823 2.493629 2.504465
							 2.515332 2.526229 2.537158 2.548117 2.559107 2.570128 2.581181 2.592264 2.603379 2.614524 2.625701 2.636910 2.648149 2.659420 2.670723 2.682057
							 2.693422 2.704820 2.716248 2.727709 2.739201 2.750725 2.762281 2.773869 2.785489 2.797141 2.808825 2.820542 2.832290 2.844071 2.855884 2.867729
							 2.879607 2.891517 2.903460 2.915435 2.927443 2.939483 2.951556 2.963663 2.975801 2.987973 3.000178 3.012416 3.024686 3.036990 3.049327 3.061698
							 3.074101 3.086538 3.099008 3.111512 3.124049 3.136620 3.149224 3.161862 3.174534 3.187239 3.199978 3.212751 3.225558 3.238399 3.251275 3.264184
							 3.277127 3.290105 3.303116 3.316163 3.329243 3.342358 3.355508 3.368692 3.381910 3.395163 3.408451 3.421774 3.435132 3.448524 3.461952 3.475414
							 3.488912 3.502444 3.516012 3.529615 3.543254 3.556927 3.570637 3.584381 3.598161 3.611977 3.625828 3.639715 3.653638 3.667597 3.681591 3.695622
							 3.709688 3.723791 3.737929 3.752104 3.766315 3.780562 3.794846 3.809166 3.823522 3.837916 3.852345 3.866811 3.881314 3.895854 3.910431 3.925044
							 3.939695 3.954382 3.969107 3.983868 3.998667 4.013503 4.028376 4.043287 4.058235 4.073221 4.088244 4.103305 4.118404 4.133540 4.148714 4.163926
							 4.179176 4.194464 4.209790 4.225154 4.240556 4.255996 4.271475 4.286992 4.302548 4.318142 4.333774 4.349445 4.365155 4.380904 4.396691 4.412518
							 4.428383 4.444287 4.460230 4.476213 4.492234 4.508295 4.524395 4.540534 4.556713 4.572932 4.589190 4.605487 4.621825 4.638202 4.654619 4.671076
							 4.687572 4.704109 4.720686 4.737303 4.753960 4.770658 4.787396 4.804174 4.820993 4.837852 4.854752 4.871693 4.888674 4.905696 4.922759 4.939863
							 4.957008 4.974194 4.991421 5.008690 5.026000 5.043351 5.060743 5.078177 5.095653 5.113170 5.130729 5.148329 5.165971 5.183656 5.201382 5.219150
							 5.236961 5.254813 5.272708 5.290645 5.308624 5.326646 5.344710 5.362817 5.380967 5.399159 5.417394 5.435672 5.453993 5.472357 5.490764 5.509214
							 5.527707 5.546243 5.564823 5.583446 5.602113 5.620823 5.639577 5.658375 5.677216 5.696101 5.715031 5.734004 5.753021 5.772082 5.791188 5.810337
							 5.829531 5.848770 5.868053 5.887380 5.906752 5.926169 5.945631 5.965137 5.984689 6.004285 6.023926 6.043613 6.063345 6.083122 6.102944 6.122812
							 6.142725 6.162684 6.182689 6.202739 6.222835 6.242977 6.263165 6.283399 6.303679 6.324006 6.344378 6.364797 6.385262 6.405774 6.426332 6.446937
							 6.467588 6.488287 6.509032 6.529824 6.550663 6.571549 6.592482 6.613463 6.634491 6.655566 6.676689 6.697859 6.719077 6.740343 6.761656 6.783017
							 6.804426 6.825884 6.847389 6.868942 6.890544 6.912194 6.933892 6.955639 6.977434 6.999278 7.021171 7.043112 7.065103 7.087142 7.109230 7.131368
							 7.153554 7.175790 7.198076 7.220410 7.242794 7.265228 7.287711 7.310245 7.332828 7.355460 7.378143 7.400876 7.423659 7.446493 7.469376 7.492310
							 7.515295 7.538330 7.561416 7.584552 7.607739 7.630977 7.654266 7.677607 7.700998 7.724440 7.747934 7.771479 7.795076 7.818724 7.842424 7.866175
							 7.889979 7.913834 7.937741 7.961700 7.985711 8.009775 8.033891 8.058059 8.082280 8.106553 8.130879 8.155258 8.179689 8.204174 8.228711 8.253301
							 8.277945 8.302642 8.327392 8.352195 8.377053 8.401963 8.426927 8.451946 8.477017 8.502143 8.527323 8.552557 8.577845 8.603188 8.628585 8.654036
							 8.679542 8.705102 8.730718 8.756388 8.782113 8.807893 8.833728 8.859618 8.885563 8.911564 8.937620 8.963732 8.989899 9.016122 9.042401 9.068736
							 9.095127 9.121573 9.148076 9.174636 9.20125
							 1060.033179 1061.770114 1063.509841 1065.252365 1066.997691 1068.745823 1070.496765 1072.250522 1074.007099 1075.766499 1077.528729 1079.293791 1081.061692 1082.832434 1084.606024 1086.382465
							 1088.161762 1089.943920 1091.728944 1093.516837 1095.307605 1097.101252 1098.897783 1100.697202 1102.499514 1104.304725 1106.112838 1107.923858 1109.737790 1111.554638 1113.374408 1115.197103
							 1117.022730 1118.851292 1120.682793 1122.517240 1124.354637 1126.194988 1128.038298 1129.884572 1131.733815 1133.586031 1135.441225 1137.299403 1139.160569 1141.024727 1142.891883 1144.762041
							 1146.635207 1148.511385 1150.390579 1152.272796 1154.158039 1156.046314 1157.937625 1159.831978 1161.729377 1163.629827 1165.533334 1167.439901 1169.349535 1171.262239 1173.178019 1175.096880
							 1177.018828 1178.943865 1180.871999 1182.803233 1184.737574 1186.675025 1188.615592 1190.559280 1192.506093 1194.456038 1196.409119 1198.365341 1200.324709 1202.287228 1204.252903 1206.221740
							 1208.193744 1210.168919 1212.147271 1214.128804 1216.113525 1218.101438 1220.092548 1222.086861 1224.084381 1226.085114 1228.089066 1230.096240 1232.106643 1234.120279 1236.137155 1238.157274
							 1240.180643 1242.207266 1244.237149 1246.270297 1248.306716 1250.346410 1252.389385 1254.435647 1256.485199 1258.538049 1260.594201 1262.653661 1264.716433 1266.782524 1268.851938 1270.924681
							 1273.000759 1275.080176 1277.162938 1279.249051 1281.338520 1283.431350 1285.527547 1287.627116 1289.730063 1291.836392 1293.946111 1296.059223 1298.175736 1300.295653 1302.418981 1304.545724
							 1306.675890 1308.809482 1310.946507 1313.086971 1315.230878 1317.378234 1319.529046 1321.683317 1323.841055 1326.002265 1328.166952 1330.335122 1332.506780 1334.681932 1336.860585 1339.042743
							 1341.228412 1343.417597 1345.610306 1347.806542 1350.006313 1352.209623 1354.416479 1356.626885 1358.840849 1361.058375 1363.279469 1365.504137 1367.732386 1369.964220 1372.199645 1374.438668
							 1376.681294 1378.927529 1381.177379 1383.430849 1385.687946 1387.948675 1390.213042 1392.481054 1394.752715 1397.028032 1399.307011 1401.589658 1403.875979 1406.165979 1408.459665 1410.757042
							 1413.058117 1415.362895 1417.671383 1419.983586 1422.299510 1424.619163 1426.942548 1429.269674 1431.600545 1433.935167 1436.273548 1438.615692 1440.961606 1443.311297 1445.664769 1448.022030
							 1450.383085 1452.747940 1455.116603 1457.489078 1459.865372 1462.245491 1464.629442 1467.017231 1469.408863 1471.804345 1474.203684 1476.606885 1479.013955 1481.424900 1483.839726 1486.258439
							 1488.681047 1491.107555 1493.537969 1495.972296 1498.410543 1500.852714 1503.298818 1505.748860 1508.202846 1510.660784 1513.122679 1515.588538 1518.058366 1520.532172 1523.009961 1525.491739
							 1527.977513 1530.467290 1532.961075 1535.458876 1537.960699 1540.466551 1542.976437 1545.490365 1548.008341 1550.530372 1553.056464 1555.586624 1558.120858 1560.659173 1563.201576 1565.748072
							 1568.298670 1570.853375 1573.412195 1575.975135 1578.542202 1581.113404 1583.688747 1586.268237 1588.851882 1591.439687 1594.031660 1596.627808 1599.228138 1601.832655 1604.441367 1607.054281
							 1609.671403 1612.292740 1614.918300 1617.548089 1620.182113 1622.820380 1625.462897 1628.109670 1630.760707 1633.416013 1636.075597 1638.739465 1641.407625 1644.080082 1646.756844 1649.437918
							 1652.123311 1654.813030 1657.507082 1660.205474 1662.908213 1665.615307 1668.326761 1671.042583 1673.762781 1676.487362 1679.216331 1681.949698 1684.687468 1687.429649 1690.176248 1692.927273
							 1695.682730 1698.442626 1701.206969 1703.975766 1706.749025 1709.526752 1712.308954 1715.095640 1717.886816 1720.682489 1723.482667 1726.287358 1729.096568 1731.910304 1734.728575 1737.551387
							 1740.378748 1743.210666 1746.047147 1748.888199 1751.733829 1754.584045 1757.438855 1760.298266 1763.162285 1766.030919 1768.904177 1771.782065 1774.664592 1777.551764 1780.443590 1783.340077
							 1786.241232 1789.147063 1792.057578 1794.972784 1797.892688 1800.817299 1803.746625 1806.680672 1809.619448 1812.562962 1815.511220 1818.464231 1821.422002 1824.384540 1827.351855 1830.323953
							 1833.300842 1836.282530 1839.269025 1842.260334 1845.256466 1848.257428 1851.263228 1854.273874 1857.289374 1860.309736 1863.334967 1866.365075 1869.400069 1872.439956 1875.484745 1878.534443
							 1881.589058 1884.648598 1887.713071 1890.782486 1893.856850 1896.936171 1900.020458 1903.109718 1906.203959 1909.303190 1912.407419 1915.516653 1918.630902 1921.750173 1924.874473 1928.003813
							 1931.138199 1934.277639 1937.422143 1940.571718 1943.726373 1946.886115 1950.050953 1953.220896 1956.395951 1959.576127 1962.761432 1965.951875 1969.147464 1972.348208 1975.554113 1978.765190
							 1981.981447 1985.202891 1988.429532 1991.661377 1994.898436 1998.140716 2001.388226 2004.640976 2007.898972 2011.162224 2014.430741 2017.704530 2020.983601 2024.267962 2027.557622 2030.852588
							 2034.152871 2037.458478 2040.769418 2044.085700 2047.407333 2050.734325 2054.066685 2057.404422 2060.747544 2064.096060 2067.449979 2070.809310 2074.174062 2077.544243 2080.919862 2084.300928
							 2087.687450 2091.079437 2094.476898 2097.879841 2101.288276 2104.702211 2108.121656 2111.546619 2114.977109 2118.413136 2121.854708 2125.301834 2128.754524 2132.212786 2135.676630 2139.146065
							 2142.621099 2146.101742 2149.588003 2153.079891 2156.577415 2160.080585 2163.589410 2167.103898 2170.624059 2174.149903 2177.681438 2181.218674 2184.761620 2188.310286 2191.864680 2195.424812
							 2198.990692 2202.562328 2206.139730 2209.722908 2213.311871 2216.906628 2220.507189 2224.113563 2227.725760 2231.343789 2234.967659 2238.597381 2242.232963 2245.874416 2249.521748 2253.174970
							 2256.834091 2260.499120 2264.170067 2267.846943 2271.529756 2275.218516 2278.913232 2282.613916 2286.320575 2290.033221 2293.751863 2297.476510 2301.207172 2304.943859 2308.686582 2312.435349
							 2316.190171 2319.951057 2323.718018 2327.491063 2331.270202 2335.055445 2338.846802 2342.644284 2346.447899 2350.257658 2354.073572 2357.895649 2361.723900 2365.558336 2369.398966 2373.245800
							 2377.098849 2380.958122 2384.823630 2388.695383 2392.573391 2396.457664 2400.348213 2404.245047 2408.148178 2412.057614 2415.973368 2419.895448 2423.823865 2427.758629 2431.699752 2435.647242
							 2439.601111 2443.561369 2447.528027 2451.501094 2455.480581 2459.466500 2463.458859 2467.457671 2471.462944 2475.474690 2479.492920 2483.517644 2487.548872 2491.586615 2495.630884 2499.681690
							 2503.739042 2507.802953 2511.873431 2515.950489 2520.034137 2524.124386 2528.221246 2532.324728 2536.434843 2540.551602 2544.675016 2548.805095 2552.941851 2557.085294 2561.235435 2565.392286
							 2569.555856 2573.726158 2577.903202 2582.086998 2586.277559 2590.474895 2594.679017 2598.889937 2603.107665 2607.332212 2611.563590 2615.801810 2620.046882 2624.298819 2628.557631 2632.823330
							 2637.095926 2641.375432 2645.661857 2649.955215 2654.255515 2658.562770 2662.876990 2667.198188 2671.526373 2675.861559 2680.203756 2684.552975 2688.909229 2693.272529 2697.642885 2702.020311
							 2706.404816 2710.796414 2715.195114 2719.600930 2724.013872 2728.433953 2732.861184 2737.295576 2741.737141 2746.185892 2750.641839 2755.104995 2759.575371 2764.052979 2768.537831 2773.029939
							 2777.529315 2782.035970 2786.549916 2791.071165 2795.599730 2800.135622 2804.678853 2809.229436 2813.787381 2818.352702 2822.925410 2827.505517 2832.093036 2836.687978 2841.290356 2845.900181
							 2850.517467 2855.142225 2859.774467 2864.414206 2869.061454 2873.716222 2878.378525 2883.048373 2887.725779 2892.410756 2897.103316 2901.803471 2906.511233 2911.226616 2915.949631 2920.680292
							 2925.418610 2930.164597 2934.918268 2939.679634 2944.448707 2949.225501 2954.010028 2958.802301 2963.602332 2968.410134 2973.225720 2978.049102 2982.880293 2987.719306 2992.566154 2997.420850
							 3002.283406 3007.153836 3012.032151 3016.918366 3021.812493 3026.714545 3031.624534 3036.542475 3041.468379 3046.402261 3051.344132 3056.294006 3061.251897 3066.217817 3071.191779 3076.173797
							 3081.163884 3086.162053 3091.168317 3096.182689 3101.205183 3106.235813 3111.274590 3116.321529 3121.376644 3126.439946 3131.511451 3136.591171 3141.679119 3146.775310 3151.879756 3156.992472
							 3162.113470 3167.242765 3172.380369 3177.526297 3182.680562 3187.843178 3193.014158 3198.193517 3203.381267 3208.577423 3213.781998 3218.995007 3224.216462 3229.446378 3234.684769 3239.931648
							 3245.187030 3250.450929 3255.723357 3261.004330 3266.293861 3271.591965 3276.898654 3282.213945 3287.537850 3292.870383 3298.211559 3303.561392 3308.919897 3314.287086 3319.662975 3325.047578
							 3330.440909 3335.842983 3341.253813 3346.673414 3352.101800 3357.538987 3362.984988 3368.439817 3373.903490 3379.376020 3384.857423 3390.347712 3395.846902 3401.355009 3406.872046 3412.398028
							 3417.932970 3423.476886 3429.029792 3434.591701 3440.162629 3445.742591 3451.331601 3456.929674 3462.536826 3468.153070 3473.778422 3479.412896 3485.056509 3490.709274 3496.371206 3502.042322
							 3507.722635 3513.412161 3519.110915 3524.818913 3530.536168 3536.262697 3541.998515 3547.743636 3553.498077 3559.261852 3565.034977 3570.817467 3576.609338 3582.410604 3588.221282 3594.041386
							 3599.870933 3605.709937 3611.558414 3617.416380 3623.283851 3629.160841 3635.047367 3640.943444 3646.849088 3652.764315 3658.689139 3664.623578 3670.567647 3676.521361 3682.484737 3688.457790
							 3694.440536 3700.432991 3706.435171 3712.447092 3718.468771 3724.500222 3730.541462 3736.592507 3742.653374 3748.724078 3754.804635 3760.895062 3766.995375 3773.105590 3779.225724 3785.355792
							 3791.495811 3797.645797 3803.805767 3809.975737 3816.155724 3822.345743 3828.545812 3834.755947 3840.976164 3847.206481 3853.446912 3859.697476 3865.958189 3872.229068 3878.510129 3884.801388
							 3891.102864 3897.414571 3903.736529 3910.068752 3916.411258 3922.764064 3929.127187 3935.500644 3941.884452 3948.278627 3954.683187 3961.098149 3967.523530 3973.959347 3980.405617 3986.862358
						</SingleSampledCurve>
					</CurveSetElement>
					<!--curve{LtoDL} converts measured Luminance (L) to display Drive Level (DL) -->
					<CurveSetElement Name="LtoDL" InputChannels="1" OutputChannels="1"> 
						<!-- This example assumes linear luminance response of device -->
						<!-- To work with actual device measure luminance for each drive level.-->
						<!-- Then invert to determine fractional drive levels for each linear increment of luminance, and put in SingleSampledCurveSegment-->
						<!-- Set FirstEntry and LastEntry to measured min and max luminances of display-->
						<SingleSampledCurve Start="-infinity" End="+infinity" FirstEntry="10" LastEntry="1000" StorageType="0" ExtensionType="0">
							0.0 1.0
						</SingleSampledCurve>
					</CurveSetElement>
				</SubElements>
      <Variables>
        <Declare Name="LoL"/>
        <Declare Name="HiL"/>
        <Declare Name="MaxAmbientL"/>
        <Declare Name="AmbientL"/>
        <Declare Name="LoJND"/>
        <Declare Name="HiJND"/>
        <Declare Name="RangeJND"/>
        <Declare Name="RangeDL"/>
      </Variables>
      <MainFunction>
{
;Initialize constants based on measurement of display luminance (in dark environment) and ambient luminance of environment
10 tput{LoL} ;Low luminance level based on measurement of device in Dark environment (should match FirstEntry attribute of curve{LtoDL})
1000 tput{HiL} ;High luminance level based on measurement of device in Dark environment (should match LastEntry attribute of curve{LtoDL})

;Determine max ambient luminance
3993.32958588733 tget{HiL} sub tput{MaxAmbientL} ;(3933.32958588733 should be same as last value of curve{JNDtoL})

;Get Ambience level from cmm environment variable and validate it
env(ambL) if { 0 max } else { pop 10 } ; get ambient luminance level from 'ambL' CMM environment variable (default is 10 cd/m^2)
tget{MaxAmbientL} min tput{AmbientL}

%Use measured Luminance form display and ambient luminance to determine lo and hi JND levels
tget{LoL} tget{AmbientL} add log curv{LogLtoJND} tput{LoJND}; LtoJND(log(LoL+AmbientL))
tget{HiL} tget{AmbientL} add log curv{LogLtoJND} tput{HiJND}; LtoJND(log(HiL+AmbientL))

;Determine JND range of display in ambient environment
tget{HiJND} tget{LoJND} sub tput{RangeJND}

;Determine range of Drive Levels corresponding to JND range
tget{HiJND} curv{JNDtoL} tget{AmbientL} sub curv{LtoDL} tput{RangeDL}

;Now apply GSDF function

;scale JND range by inputJND percent, add LoJND
in{inputJND} tget{RangeJND} mul tget{LoJND} add ;determine JND point for input

;convert JND to luminance and subtract out ambient luminance
curv{JNDtoL} tget{AmbientL} sub; determine desired luminance on display

;convert display luminance to drive level of display
curv{LtoDL} ;apply desired display luminance to drive value conversion

;Finally divide by range of drive levels to get out percent Drive Level
tget{RangeDL} div ; correct for floating point rounding of maximum point
out[0]
}
      </MainFunction>
    </CalculatorElement>
    </MultiProcessElements>
    </multiProcessElementType>
    <multiLocalizedUnicodeType>
      <TagSignature>cprt</TagSignature>
      <LocalizedText LanguageCountry="enUS"><![CDATA[Copyright 2017 International Color Consortium]]></LocalizedText>
    </multiLocalizedUnicodeType>
  </Tags>
</IccProfile>
