<?xml version="1.0" encoding="UTF-8"?>
<IccProfile>
	<Header>
		<PreferredCMMType></PreferredCMMType>
		<ProfileVersion>5.00</ProfileVersion>
		<ProfileDeviceClass>scnr</ProfileDeviceClass>
		<DataColourSpace>6CLR</DataColourSpace>
		<PCS>XYZ </PCS>
		<CreationDateTime>now</CreationDateTime>
		<ProfileFlags EmbeddedInFile="true" UseWithEmbeddedDataOnly="false"/>
		<DeviceAttributes ReflectiveOrTransparency="reflective" GlossyOrMatte="glossy" MediaPolarity="negative" MediaColour="colour"/>
		<RenderingIntent>Absolute</RenderingIntent>
		<PCSIlluminant>
			<XYZNumber X="0.96420288" Y="1.00000000" Z="0.82490540"/>
		</PCSIlluminant>
		<ProfileCreator></ProfileCreator>
		<ProfileID>1</ProfileID>
	<SpectralPCS>rs0024</SpectralPCS>
	<SpectralRange>
		<Wavelengths start="380" end="730" steps="36"/>
	</SpectralRange>
	</Header>
	<Tags>
		<multiLocalizedUnicodeType>
			<TagSignature>desc</TagSignature>
			<LocalizedText LanguageCountry="enUS"><![CDATA[Six Channel Abridged3906730929630	21.442072554311700	-0.220865508601885	11.788894792375500	-22.055694461269200	-2.521077066430670
						9.924867843528930	-10.904510395722400	-1.639505503091360	-2.645783062703790	8.086387436928900	-1.814577772299190
						17.951704777388400	-28.273422261210400	-1.962538662114220	-11.362971205282300	25.142426152020600	-0.488246938149703
						13.186962611531200	-22.402221810530800	-1.279340287114910	-9.568625794062220	20.471600025536600	0.592723508181169
						5.826013627239790	-10.910814483919800	-0.532933697318275	-4.859662742948950	10.236654149910200	1.234695013395030
						-0.664467677200210	-0.169279542011378	0.095384252451819	-0.292728852279448	0.466656173338650	1.556300127750330
						-6.140965363237430	9.226612478789300	0.670426123784874	3.694415877892660	-8.166246388185350	1.711696567704090
						-10.684527520549400	17.242945482146300	1.197497193204590	7.072381608488840	-15.590555538709500	1.766512310967300
						-14.131917514276300	23.235748059820900	1.643105296752360	9.493183679190250	-21.073753400604200	1.849283866193360
						-14.827749574775500	24.366998979168500	1.802519457252790	9.814084169994670	-22.041509015403900	1.908720969335820
						-14.757599528606900	24.072720586637800	1.870634494753230	9.489164055445930	-21.636735016555100	1.987854286108190
						-13.563000779143300	21.804537194349200	1.812590447254580	8.323714048222590	-19.403895522568800	2.054491752644460
						-9.357240868505720	14.176926763300700	1.572823160481990	4.613919410247460	-12.108538267160800	2.134921486345320
						-7.309022082347900	10.225659663655800	1.551566859378480	2.438139436610350	-8.149303820434590	2.280465851198320
						-6.701120125479370	9.121049117674250	1.541689101459370	1.864635512198790	-7.079722381902820	2.295596845573100
						-8.019444691967580	11.819675514741500	1.550228232677510	3.380143939154000	-9.819476518120310	2.137041427086890
 					</MatrixData>
				</MatrixElement>
			</MultiProcessElements>
		</multiProcessElementType>

		<spectralViewingConditionsType>
			<TagSignature>svcn</TagSignature>
			<StdObserver>CIE 1931 standard colorimetric observer</StdObserver>
			<IlluminantXYZ X="0.963888028773223" Y="1.00000000" Z="0.824088400239466"/>
			<ObserverFuncs start="380" end="730" steps="36">
				0.001368	0.004243	0.014310	0.043510	0.134380	0.283900	0.348280	0.336200	0.290800	0.195360	0.095640	0.032010	0.004900	0.009300	0.063270	0.165500	0.290400	0.433450	0.594500	0.762100	0.916300	1.026300	1.062200	1.002600	0.854450	0.642400	0.447900	0.283500	0.164900	0.087400	0.046770	0.022700	0.011359	0.005call{.002899	0.001440
				0.000039	0.000120	0.000396	0.001210	0.004000	0.011600	0.023000	0.038000	0.060000	0.090980	0.139020	0.208020	0.323000	0.503000	0.710000	0.862000	0.954000	0.994950	0.995000	0.952000	0.870000	0.757000	0.631000	0.503000	0.381000	0.265000	0.175000	0.107000	0.061000	0.032000	0.017000	0.008210	0.004102	0.002091	0.001047	0.000520
				0.006450	0.020050	0.067850	0.207400	0.645600	1.385600	1.747060	1.772110	1.669200	1.287640	0.812950	0.465180	0.272000	0.158200	0.078250	0.042160	0.020300	0.008750	0.003900	0.002100	0.001650	0.001100	0.000800	0.000340	0.000190	0.000050	0.000020	0.000000	0.000000	0.000000	0.000000	0.000000	0.000000	0.000000	0.000000	0.000000
			</ObserverFuncs>
			<StdIlluminant>Illuminant D50</StdIlluminant>
			<ColorTemperature>5000</ColorTemperature>
			<IlluminantSPD start="380" end="730" steps="36">
				24.4571469692098 29.8374136323552 49.2574719352357 56.4612552446684 59.9840998246520 57.7732702605426 74.7759731088260 87.1980335280400 90.5669430339146 91.3286219540756 95.0728873907686 91.9345265781577 95.7008127012929 96.5943662763489 97.1153716343625 102.0888883432111 100.7483593793286 102.3138613416943 100.0000000000000 97.7374503496754	98.9235890079811 93.5102480304754 97.7057456929942 99.2918446185279 99.0679449773440 95.7506760921408 98.89343826612478789300	0.670426123784874	3.694415877892660	-8.166246388185350	1.711696567704090
						-10.684527520549400	17.242945482146300	1.197497193204590	7.072381608488840	-15.590555538709500	1.766512310967300
						-14.131917514276300	23.235748059820900	1.643105296752360	9.493183679190250	-21.073753400604200	1.849283866193360
						-14.827749574775500	24.366998979168500	1.802519457252790	9.814084169994670	-22.041509015403900	1.908720969335820
						-14.757599528606900	24.072720586637800	1.870634494753230	9.489164055445930	-21.636735016555100	1.987854286108190
						-13.563000779143300	21.804537194349200	1.812590447254580	8.323714048222590	-19.403895522568800	2.054491752644460
						-9.357240868505720	14.176926763300700	1.572823160481990	4.613919410247460	-12.108538267160800	2.134921486345320
						-7.309022082347900	10.225659663655800	1.551566859378480	2.438139436610350	-8.149303820434590	2.280465851198320
						-6.701120125479370	9.121049117674250	1.541689101459370	1.864635512198790	-7.079722381902820	2.295596845573100
						-8.019444691967580	11.819675514741500	1.550228232677510	3.380143939154000	-9.819476518120310	2.137041427086890
 					</MatrixData>
				</MatrixElement>
			</MultiProcessElements>
		</multiProcessElementType>

		<spectralViewingConditionsType>
			<TagSignature>svcn</TagSignature>
			<StdObserver>CIE 1931 standard colorimetric observer</StdObserver>
			<IlluminantXYZ X="0.963888028773223" Y="1.00000000" Z="0.824088400239466"/>
			<ObserverFuncs start="380" end="730" steps="36">
				0.001368	0.004243	0.014310	0.043510	0.134380	0.283900	0.348280	0.336200	0.290800	0.195360	0.095640	0.032010	0.004900	0.009300	0.063270	0.165500	0.290400	0.433450	0.594500	0.762100	0.916300	1.026300	1.062200	1.002600	0.854450	0.642400	0.447900	0.283500	0.164900	0.087400	0.046770	0.022700	0.011359	0.005call{.002899	0.001440
				0.000039	0.000120	0.000396	0.001210	0.004000	0.011600	0.023000	0.038000	0.060000	0.090980	0.139020	0.208020	0.323000	0.503000	0.710000	0.862000	0.954000	0.994950	0.995000	0.952000	0.870000	0.757000	0.631000	0.503000	0.381000	0.265000	0.175000	0.107000	0.061000	0.032000	0.017000	0.008210	0.004102	0.002091	0.001047	0.000520
				0.006450	0.020050	0.067850	0.207400	0.645600	1.385600	1.747060	1.772110	1.669200	1.287640	0.812950	0.465180	0.272000	0.158200	0.078250	0.042160	0.020300	0.008750	0.003900	0.002100	0.001650	0.001100	0.000800	0.000340	0.000190	0.000050	0.000020	0.000000	0.000000	0.000000	0.000000	0.000000	0.000000	0.000000	0.000000	0.000000
			</ObserverFuncs>
			<StdIlluminant>Illuminant D50</StdIlluminant>
			<ColorTemperature>5000</ColorTemperature>
			<IlluminantSPD start="380" end="730" steps="36">
				24.4571469692098 29.8374136323552 49.2574719352357 56.4612552446684 59.9840998246520 57.7732702605426 74.7759731088260 87.1980335280400 90.5669430339146 91.3286219540756 95.0728873907686 91.9345265781577 95.7008127012929 96.5943662763489 97.1153716343625 102.0888883432111 100.7483593793286 102.3138613416943 100.0000000000000 97.7374503496754	98.9235890079811 93.5102480304754 97.7057456929942 99.2918446185279 99.0679449773440 95.7506760921408 98.8934383400158 95.7054207269683 98.2341770348841 103.0543187665843 99.1849540292420 87.4241784681664 91.6529347760822 92.9335772051515 76.8914147870091 86.5514856528592
			</IlluminantSPD>
			<SurroundXYZ X="0.963888028773223" Y="1.00000000" Z="0.824088400239466"/>
		</spectralViewingConditionsType>

		<XYZType>
			<TagSignature>wtpt</TagSignature>
			<XYZNumber X="0.96420288" Y="1.00000000" Z="0.82490540"/>
		</XYZType>

		<multiLocalizedUnicodeType>
			<TagSignature>cprt</TagSignature>
			<LocalizedText LanguageCountry="enUS"><![CDATA[Copyright 2015 International Color Consortium]]></LocalizedText>
		</multiLocalizedUnicodeType>

	</Tags>
</IccProfile>
