<?xml version="1.0" encoding="UTF-8"?>
<IccProfile>
  <Header>
    <PreferredCMMType></PreferredCMMType>
    <ProfileVersion>5.00</ProfileVersion>
    <ProfileDeviceClass>link</ProfileDeviceClass>
    <DataColourSpace>GRAY</DataColourSpace>
    <PCS>GRAY</PCS>
    <CreationDateTime>now</CreationDateTime>
    <ProfileFlags EmbeddedInFile="true" UseWithEmbeddedDataOnly="false"/>
    <DeviceAttributes ReflectiveOrTransparency="reflective" GlossyOrMatte="glossy" MediaPolarity="positive" MediaColour="colour"/>
    <RenderingIntent>Relative Colorimetric</RenderingIntent>
    <PCSIlluminant>
      <XYZNumber X="0.84127808" Y="1.00000000" Z="0.96372986"/>
    </PCSIlluminant>
    <ProfileCreator></ProfileCreator>
    <ProfileID>DBCAE0DE4318E1AD0D2F70F71CFB2463</ProfileID>
  <ProfileDeviceSubClass>GSDF</ProfileDeviceSubClass>
  </Header>
  <Tags>
    <multiLocalizedUnicodeType>
      <TagSignature>desc</TagSignature>
      <LocalizedText LanguageCountry="enUS"><![CDATA[Grayscale GSDF device link JND steps to Monitor drive values using 'ambL' CMM environment variable]]></LocalizedText>
    </multiLocalizedUnicodeType>
    <multiProcessElementType>
      <TagSignature>A2B0</TagSignature>
      <MultiProcessElements InputChannels="1" OutputChannels="1">
       <CalculatorElement InputChannels="1" OutputChannels="1" InputNames="inputJND">
				<SubElements>
					<!--curve{LogLtoJND} converts Log base 10 luminance to JND value -->
					<CurveSetElement Name="LogLtoJND" InputChannels="1" OutputChannels="1">
						<SingleSampledCurve Start="-infinity" End="+infinity" FirstEntry="-1.30118770000000" LastEntry="3.60133515578040" StorageType="0" ExtensionType="0">
								 1.000000 1.028504 1.057170 1.085997 1.114982 1.144123 1.173416 1.202861 1.232454 1.262193 1.292075 1.322099 1.352261 1.382559 1.412991 1.443554
								 1.474246 1.505065 1.536008 1.567072 1.598256 1.629556 1.660971 1.692497 1.724133 1.755876 1.787724 1.819674 1.851723 1.883870 1.916112 1.948446
								 1.980870 2.013382 2.045979 2.078659 2.111419 2.144257 2.177170 2.210156 2.243213 2.276339 2.309529 2.342784 2.376099 2.409472 2.442902 2.476385
								 2.509919 2.543502 2.577131 2.610804 2.644519 2.678272 2.712062 2.745886 2.779742 2.813627 2.847540 2.881476 2.915434 2.949413 2.983408 3.017418
								 3.051442 3.085480 3.119535 3.153606 3.187695 3.221803 3.255930 3.290077 3.324246 3.358436 3.392650 3.426887 3.461150 3.495438 3.529753 3.564095
								 3.598466 3.632867 3.667297 3.701759 3.736253 3.770780 3.805341 3.839937 3.874568 3.909236 3.943942 3.978686 4.013469 4.048293 4.083156 4.118059
								 4.153002 4.187986 4.223009 4.258073 4.293177 4.328321 4.363505 4.398729 4.433994 4.469299 4.504644 4.540030 4.575456 4.610923 4.646430 4.681977
								 4.717566 4.753194 4.788864 4.824574 4.860324 4.896116 4.931948 4.967821 5.003735 5.039689 5.075685 5.111722 5.147800 5.183920 5.220082 5.256286
								 5.292532 5.328821 5.365152 5.401527 5.437944 5.474404 5.510908 5.547456 5.584047 5.620683 5.657362 5.694087 5.730856 5.767669 5.804528 5.841432
								 5.878381 5.915377 5.952417 5.989504 6.026638 6.063817 6.101043 6.138316 6.175635 6.213002 6.250415 6.287875 6.325382 6.362936 6.400537 6.438186
								 6.475883 6.513626 6.551418 6.589257 6.627144 6.665080 6.703063 6.741094 6.779174 6.817302 6.855478 6.893703 6.931977 6.970300 7.008671 7.047091
								 7.085561 7.124079 7.162647 7.201264 7.239930 7.278647 7.317412 7.356228 7.395093 7.434008 7.472973 7.511989 7.551054 7.590170 7.629336 7.668553
								 7.707820 7.747138 7.786507 7.825926 7.865397 7.904919 7.944492 7.984116 8.023791 8.063518 8.103296 8.143127 8.183008 8.222942 8.262927 8.302964
								 8.343053 8.383195 8.423388 8.463634 8.503932 8.544282 8.584685 8.625140 8.665648 8.706209 8.746822 8.787489 8.828208 8.868980 8.909806 8.950684
								 8.991616 9.032601 9.073639 9.114731 9.155877 9.197076 9.238329 9.279635 9.320995 9.362410 9.403878 9.445400 9.486976 9.528607 9.570292 9.612031
								 9.653824 9.695672 9.737575 9.779532 9.821544 9.863611 9.905732 9.947909 9.990140 10.032426 10.074768 10.117165 10.159616 10.202124 10.244686 10.287305
								 10.329978 10.372707 10.415492 10.458333 10.501229 10.544181 10.587190 10.630254 10.673374 10.716550 10.759783 10.803072 10.846417 10.889818 10.933276 10.976790
								 11.020361 11.063989 11.107674 11.151415 11.195213 11.239068 11.282980 11.326949 11.370975 11.415058 11.459198 11.503396 11.547651 11.591964 11.636334 11.680762
								 11.725247 11.769790 11.814390 11.859049 11.903765 11.948539 11.993372 12.038262 12.083210 12.128217 12.173282 12.218405 12.263587 12.308827 12.354125 12.399483
								 12.444898 12.490373 12.535906 12.581498 12.627149 12.672859 12.718628 12.764455 12.810343 12.856289 12.902294 12.948359 12.994483 13.040667 13.086910 13.133213
								 13.179575 13.225997 13.272479 13.319021 13.365622 13.412283 13.459005 13.505786 13.552628 13.599530 13.646492 13.693514 13.740597 13.787740 13.834944 13.882208
								 13.929533 13.976918 14.024364 14.071871 14.119439 14.167068 14.214758 14.262509 14.310321 14.358194 14.406128 14.454124 14.502181 14.550300 14.598479 14.646721
								 14.695024 14.743389 14.791815 14.840304 14.888854 14.937466 14.986140 15.034876 15.083674 15.132534 15.181457 15.230441 15.279489 15.328598 15.377770 15.427005
								 15.476302 15.525661 15.575084 15.624569 15.674117 15.723728 15.773402 15.823139 15.872939 15.922802 15.972729 16.022718 16.072771 16.122888 16.173068 16.223311
								 16.273618 16.323989 16.374423 16.424921 16.475483 16.526108 16.576798 16.627552 16.678370 16.729252 16.780198 16.831208 16.882283 16.933422 16.984625 17.035894
								 17.087226 17.138623 17.190085 17.241612 17.293204 17.344860 17.396581 17.448368 17.500219 17.552136 17.604117 17.656165 17.708277 17.760455 17.812698 17.865006
								 17.917381 17.969821 18.022326 18.074898 18.127535 18.180238 18.233007 18.285842 18.338743 18.391710 18.444744 18.497844 18.551010 18.604242 18.657541 18.710906
								 18.764338 18.817837 18.871403 18.925035 18.978734 19.032500 19.086332 19.140232 19.194199 19.248233 19.302335 19.356503 19.410739 19.465043 19.519414 19.573852
								 19.628358 19.682932 19.737573 19.792283 19.847060 19.901905 19.956818 20.011799 20.066848 20.121965 20.177151 20.232405 20.287727 20.343118 20.398577 20.454105
								 20.509702 20.565367 20.621101 20.676903 20.732775 20.788716 20.844725 20.900804 20.956952 21.013169 21.069456 21.125812 21.182237 21.238732 21.295296 21.351930
								 21.408633 21.465406 21.522250 21.579163 21.636146 21.693199 21.750322 21.807515 21.864778 21.922112 21.979516 22.036990 22.094535 22.152151 22.209837 22.267593
								 22.325421 22.383319 22.441288 22.499328 22.557439 22.615622 22.673875 22.732199 22.790595 22.849062 22.907601 22.966211 23.024893 23.083646 23.142471 23.201367
								 23.260336 23.319376 23.378488 23.437673 23.496929 23.556257 23.615658 23.675131 23.734677 23.794294 23.853985 23.913747 23.973583 24.033491 24.093472 24.153526
								 24.213653 24.273852 24.334125 24.394471 24.454890 24.515382 24.575947 24.636586 24.697298 24.758084 24.818944 24.879877 24.940884 25.001964 25.063119 25.124347
								 25.185650 25.247026 25.308477 25.370002 25.431601 25.493274 25.555022 25.616844 25.678741 25.740713 25.802759 25.864880 25.927076 25.989347 26.051692 26.114113
								 26.176609 26.239180 26.301827 26.364548 26.427345 26.490218 26.553166 26.616190 26.679289 26.742464 26.805715 26.869042 26.932445 26.995924 27.059479 27.123110
								 27.186817 27.250601 27.314461 27.378398 27.442411 27.506500 27.570667 27.634910 27.699230 27.763627 27.828100 27.892651 27.957279 28.021984 28.086767 28.151626
								 28.216564 28.281578 28.346670 28.411840 28.477087 28.542413 28.607816 28.673297 28.738855 28.804492 28.870207 28.936001 29.001872 29.067822 29.133850 29.199957
								 29.266142 29.332406 29.398749 29.465170 29.531671 29.598250 29.664908 29.731645 29.798462 29.865358 29.932332 29.999387 30.066521 30.133734 30.201027 30.268399
								 30.335852 30.403384 30.470996 30.538687 30.606459 30.674312 30.742244 30.810256 30.878349 30.946522 31.014776 31.083110 31.151525 31.220021 31.288597 31.357255
								 31.425993 31.494812 31.563712 31.632694 31.701757 31.770901 31.840126 31.909433 31.978821 32.048291 32.117843 32.187476 32.257192 32.326989 32.396868 32.466829
								 32.536873 32.606998 32.677206 32.747497 32.817869 32.888325 32.958863 33.029483 33.100186 33.170973 33.241842 33.312794 33.383829 33.454947 33.526148 33.597433
								 33.668801 33.740253 33.811788 33.883407 33.955109 34.026895 34.098765 34.170719 34.242757 34.314879 34.387085 34.459375 34.531750 34.604208 34.676752 34.749380
								 34.822092 34.894890 34.967772 008690 5.026000 5.043351 5.060743 5.078177 5.095653 5.113170 5.130729 5.148329 5.165971 5.183656 5.201382 5.219150
										 5.236961 5.254813 5.272708 5.290645 5.308624 5.326646 5.344710 5.362817 5.380967 5.399159 5.417394 5.435672 5.453993 5.472357 5.490764 5.509214
										 5.527707 5.546243 5.564823 5.583446 5.602113 5.620823 5.639577 5.658375 5.677216 5.696101 5.715031 5.734004 5.753021 5.772082 5.791188 5.810337
										 5.829531 5.848770 5.868053 5.887380 5.906752 5.926169 5.945631 5.965137 5.984689 6.004285 6.023926 6.043613 6.063345 6.083122 6.102944 6.122812
										 6.142725 6.162684 6.182689 6.202739 6.222835 6.242977 6.263165 6.283399 6.303679 6.324006 6.344378 6.364797 6.385262 6.405774 6.426332 6.446937
										 6.467588 6.488287 6.509032 6.529824 6.550663 6.571549 6.592482 6.613463 6.634491 6.655566 6.676689 6.697859 6.719077 6.740343 6.761656 6.783017
										 6.804426 6.825884 6.847389 6.868942 6.890544 6.912194 6.933892 6.955639 6.977434 6.999278 7.021171 7.043112 7.065103 7.087142 7.109230 7.131368
										 7.153554 7.175790 7.198076 7.220410 7.242794 7.265228 7.287711 7.310245 7.332828 7.355460 7.378143 7.400876 7.423659 7.446493 7.469376 7.492310
										 7.515295 7.538330 7.561416 7.584552 7.607739 7.630977 7.654266 7.677607 7.700998 7.724440 7.747934 7.771479 7.795076 7.818724 7.842424 7.866175
										 7.889979 7.913834 7.937741 7.961700 7.985711 8.009(775 8.033891 8.058059 8.082280 8.106553 8.130879 8.155258 8.179689 8.204174 8.228711 8.253301
										 8.277945 8.302642 8.327392 8.352195 8.377053 8.401963 8.426927 8.451946 8.477017 8.502143 8.527323 8.552557 8.577845 8.603188 8.628585 8.654036
										 8.679542 8.705102 8.730718 8.756388 8.782113 8.807893 8.833728 8.859618 8.885563 8.911564 8.937620 8.963732 8.989899 9.016122 9.042401 9.068736
										 9.095127 9.121573 9.148076 9.174636 9.201251 9.227923 9.254652 9.281437 9.308278 9.335177 9.362133 9.389145 9.416215 9.443341 9.470525 9.497766
										 9.525065 9.552421 9.579835 9.607307 9.634836 9.662424 9.690069 9.717773 9.745534 9.773354 9.801232 9.829169 9.857164 9.885218 9.913331 9.941503
										 9.969733 9.998023 10.026371 10.054779 10.083247 10.111773 10.140359 10.169005 10.197711 10.226476 10.255301 10.284186 10.313132 10.342137 10.371203 10.400329
										 10.429516 10.458763 10.488071 10.517440 10.546869 10.576360 10.605911 10.635524 10.665198 10.694933 10.724730 10.754589 10.784509 10.814491 10.844535 10.874640
										 10.904808 10.935038 10.965330 10.995685 11.026102 11.056581 11.087124 11.117729 11.148397 11.179127 11.209921 11.240779 11.271699 11.302683 11.333730 11.364841
										 11.396015 11.427254 11.458556 11.489922 11.521352 11.552847 11.584406 11.616029 11.647717 11.679469 11.711286 11.743168 11.775115 11.807127 11.839204 11.871346
										 11.903553 11.935826 11.968165 12.000569 12.033039 12.065575 12.098177 12.130845 12.163579 12.196380 12.229247 12.262180 12.295180 12.328247 12.361380 12.394581
										 12.427848 12.461183 12.494585 12.528055 12.561592 12.595196 12.628868 12.662608 12.696416 12.730292 12.764236 12.798249 12.832329 12.866478 12.900696 12.934983
										 12.969338 13.003762 13.038255 13.072818 13.107449 13.142150 13.176921 13.211761 13.246670 13.281650 13.316699 13.351819 13.387008 13.422268 13.457598 13.492999
										 13.528470 13.564012 13.599625 13.635309 13.671064 13.706890 13.742787 13.778756 13.814796 13.850908 13.887091 13.923347 13.959674 13.996073 14.032545 14.069089
										 14.105706 14.142395 14.179156 14.215991 14.252898 14.289878 14.326932 14.364059 14.401259 14.438532 14.475880 14.513301 14.550795 14.588364 14.626007 14.663724
										 14.701516 14.739381 14.777322 14.815337 14.853427 14.891592 14.929832 14.968147 15.006537 15.045003 15.083544 15.122161 15.160854 15.199622 15.238467 15.277388
										 15.316385 15.355458 15.394608 15.433834 15.473138 15.512518 15.551975 15.591509 15.631121 15.670810 15.710576 15.750420 15.790342 15.830341 15.870419 15.910575
										 15.950809 15.991121 16.031512 16.071981 16.112530 16.153157 16.193863 16.234648 16.275513 16.316456 16.357480 16.398583 16.439766 16.481028 16.522371 16.563794
										 16.605297 16.646881 16.688545 16.730290 16.772115 16.814022 16.856009 16.898078 16.940228 16.982460 17.024773 17.067168 17.109644 17.152203 17.194844 17.237567
										 17.280372 17.323260 17.366231 17.409284 17.452420 17.495639 17.538942 17.582327 17.625797 17.669349 17.712986 17.756706 17.800510 17.844398 17.888371 17.932428
										 17.976569 18.020796 18.065106 18.109502 18.153983 18.198549 18.243201 18.287938 18.332760 18.377668 18.422662 18.467742 18.512909 18.558161 18.603500 18.648926
										 18.694438 18.740037 18.785724 18.831497 18.877357 18.923305 18.969341 19.015464 19.061675 19.107974 19.154361 19.200836 19.247400 19.294052 19.340793 19.387623
										 19.434542 19.481550 19.528647 19.575833 19.623109 19.670475 19.717931 19.765476 19.813112 19.860838 19.908654 19.956561 20.004558 20.052647 20.100826 20.149097
										 20.197458 20.245912 20.294456 20.343093 20.391821 20.440642 20.489554 20.538559 20.587656 20.636846 20.686129 20.735504 20.784973 20.834534 20.884190 20.933938
										 20.983780 21.033716 21.083746 21.133871 21.184089 21.234402 21.284809 21.335311 21.385908 21.436600 21.487387 21.538269 21.589247 21.640320 21.691489 21.742755
										 21.794116 21.845573 21.897127 21.948777 22.000524 22.052368 22.104309 22.156347 22.208483 22.260716 22.313046 22.365474 22.418001 22.470625 22.523347 22.576168
										 22.629088 22.682106 22.735224 22.788440 22.841755 22.895170 22.948684 23.002298 23.056012 23.109826 23.163740 23.217754 23.271869 23.326085 23.380401 23.434818
										 23.489337 23.543956 23.598677 23.653500 23.708425 23.763451 23.818580 23.873810 23.929144 23.984580 24.040118 24.095760 24.151504 24.207352 24.263304 24.319358
										 24.375517 24.431780 24.488146 24.544617 24.601193 24.657872 24.714657 24.771547 24.828541 24.885641 24.942847 25.000158 25.057574 25.115097 25.172726 25.230461
										 25.288302 25.346250 25.404305 25.462467 25.520736 25.579112 25.637596 25.696187 25.754887 25.813694 25.872609 25.931633 25.990765 26.050006 26.109356 26.168814
										 26.228382 26.288059 26.347846 26.407743 26.467749 26.527866 26.588093 26.648430 26.708878 26.769437 26.830106 26.890887 26.951779 27.012783 27.073898 27.135125
										 27.196464 27.257915 27.319479 27.381155 27.442944 27.504846 27.566861 27.628990 27.691232 27.753587 27.816057 27.878640 27.941338 28.004149 28.067076 28.130117
										 28.193273 28.256545 28.319931 28.383434 28.447051 28.510785 28.574635 28.638601 28.702683 28.766882 28.831198 28.895630 28.960180 29.024847 29.089632 29.154534
										 29.219555 29.284693 29.349950 29.415325 29.480819 29.546432 29.612164 29.678015 29.743985 29.810075 29.876285 29.942615 30.009065 30.075636 30.142327 30.209139
										 30.276071 30.343125 30.410301 30.477597 30.545016 30.612556 30.680219 30.748004 30.815912 30.883942 30.952095 31.020371 31.088771 31.157294 31.225940 31.294711
										 31.363606 31.432625 31.501768 31.571036 31.640429 31.709948 31.779591 31.849360 31.919255 31.989275 32.059422 32.129695 32.200094 32.270620 32.341273 32.412053
										 32.482961 32.553996 32.625158 32.696449 32.767867 32.839414 32.911090 32.982894 33.054828 33.126890 33.199082 33.271403 33.343854 33.416435 33.489146 33.561988
										 33.634960 33.708063 33.781297 33.854662 33.928159 34.001787 34.075547 34.149440 34.223464 34.297621 34.371911 34.446333 34.520889 34.595578 34.670401 34.745357
										 34.820448 34.895672 34.971031 35.046525 35.122153 35.197917 35.273815 35.349849 35.426019 35.502325 35.578767 35.655345 35.732060 35.808912 35.885901 35.963027
										 36.040290 36.117691 36.195230 36.272907 36.350722 36.428676 36.506768 36.585000 36.663371 36.741881 36.820531 36.899320 36.978250 37.057320 37.136531 37.215882
										 37.295375 37.375009 37.454784 37.534700 37.614759 37.694960 37.775303 37.855789 37.936417 38.017189 38.098104 38.179162 38.260364 38.341710 38.423200 38.504835
										 38.586614 38.668538 38.750607 38.832821 38.915181 38.997687 39.080339 39.163137 39.246082 39.329173 39.412412 39.495797 39.579330 39.663011 39.746839 39.830816
										 39.914941 39.999214 40.083637 40.168208 40.252929 40.337800 40.422820 40.507990 40.593311 40.678782 40.764403 40.850176 40.936100 41.022176 41.108403 41.194782
										 41.281314 41.367998 41.454834 41.541824 41.628966 41.716262 41.803712 41.891316 41.979074 42.066986 42.155053 42.243275 42.331651 42.420184 42.508872 42.597716
										 42.686716 42.775872 42.865185 42.954655 43.044282 43.134066 43.224008 43.314108 43.404366 43.494783 43.585358 43.676092 43.766985 43.858038 43.949250 44.040622
										 44.132154 44.223847 44.315700 44.407715 44.499890 44.592227 44.684726 44.777386 44.870209 44.963195 45.056343 45.149654 45.243128 45.336766 45.430567 45.524533
										 45.618663 45.712958 45.807417 45.902041 45.996831 46.091787 46.186908 46.282195 46.377649 46.473270 46.569057 46.665012 46.761134 46.857424 46.953882 47.050508
										 47.147302 47.244266 47.341398 47.438700 47.536172 47.633813 47.731625 47.829607 47.927760 48.026083 48.124578 48.223245 48.322083 48.421093 48.520276 48.619631
										 48.719159 48.818860 48.918735 49.018784 49.119006 49.219403 49.319974 49.420720 49.521642 49.622738 49.724010 49.825459 49.927083 50.028884 50.130862 50.233016
										 50.335349 50.437858 50.540546 50.643412 50.746456 50.849679 50.953082 51.056663 51.160424 51.264365 51.368487 51.472788 51.577271 51.681934 51.786779 51.891806
										 51.997014 52.102405 52.207978 52.313734 52.419673 52.525795 52.632101 52.738591 52.845266 52.952125 53.059168 53.166397 53.273811 53.381411 53.489197 53.597170
										 53.705329 53.813674 53.922207 54.030928 54.139836 54.248933 54.358218 54.467691 54.577354 54.687206 54.797247 54.907479 55.017900 55.128512 55.239315 55.350309
										 55.461495 55.572872 55.684441 55.796203 55.908157 56.020304 56.132645 56.245179 56.357907 56.470829 56.583945 56.697257 56.810763 56.924465 57.038363 57.152456
										 57.266746 57.381233 57.495917 57.610798 57.725877 57.841153 57.956628 58.072301 58.188173 58.304245 58.420516 58.536986 58.653657 58.770529 58.887601 59.004874
										 59.122349 59.240025 59.357904 59.475984 59.594268 59.712754 59.831444 59.950338 60.069436 60.188737 60.308244 60.427955 60.547872 60.667995 60.788323 60.908858
										 61.029599 61.150547 61.271703 61.393066 61.514637 61.636416 61.758404 61.880601 62.003007 62.125623 62.248448 62.371484 62.494730 62.618188 62.741856 62.8657 36.272907 36.350722 36.428676 36.506768 36.585000 36.663371 36.741881 36.820531 36.899320 36.978250 37.057320 37.136531 37.215882
										 37.295375 37.375009 37.454784 37.534700 37.614759 37.694960 37.775303 37.855789 37.936417 38.017189 38.098104 38.179162 38.260364 38.341710 38.423200 38.504835
										 38.586614 38.668538 38.750607 38.832821 38.915181 38.997687 39.080339 39.163137 39.246082 39.329173 39.412412 39.495797 39.579330 39.663011 39.746839 39.830816
										 39.914941 39.999214 40.083637 40.168208 40.252929 40.337800 40.422820 40.507990 40.593311 40.678782 40.764403 40.850176 40.936100 41.022176 41.108403 41.194782
										 41.281314 41.367998 41.454834 41.541824 41.628966 41.716262 41.803712 41.891316 41.979074 42.066986 42.155053 42.243275 42.331651 42.420184 42.508872 42.597716
										 42.686716 42.775872 42.865185 42.954655 43.044282 43.134066 43.224008 43.314108 43.404366 43.494783 43.585358 43.676092 43.766985 43.858038 43.949250 44.040622
										 44.132154 44.223847 44.315700 44.407715 44.499890 44.592227 44.684726 44.777386 44.870209 44.963195 45.056343 45.149654 45.243128 45.336766 45.430567 45.524533
										 45.618663 45.712958 45.807417 45.902041 45.996831 46.091787 46.186908 46.282195 46.377649 46.473270 46.569057 46.665012 46.761134 46.857424 46.953882 47.050508
										 47.147302 47.244266 47.341398 47.438700 47.536172 47.633813 47.731625 47.829607 47.927760 48.026083 48.124578 48.223245 48.322083 48.421093 48.520276 48.619631
										 48.719159 48.818860 48.918735 49.018784 49.119006 49.219403 49.319974 49.420720 49.521642 49.622738 49.724010 49.825459 49.927083 50.028884 50.130862 50.233016
										 50.335349 50.437858 50.540546 50.643412 50.746456 50.849679 50.953082 51.056663 51.160424 51.264365 51.368487 51.472788 51.577271 51.681934 51.786779 51.891806
										 51.997014 52.102405 52.207978 52.313734 52.419673 52.525795 52.632101 52.738591 52.845266 52.952125 53.059168 53.166397 53.273811 53.381411 53.489197 53.597170
										 53.705329 53.813674 53.922207 54.030928 54.139836 54.248933 54.358218 54.467691 54.577354 54.687206 54.797247 54.907479 55.017900 55.128512 55.239315 55.350309
										 55.461495 55.572872 55.684441 55.796203 55.908157 56.020304 56.132645 56.245179 56.357907 56.470829 56.583945 56.697257 56.810763 56.924465 57.038363 57.152456
										 57.266746 57.381233 57.495917 57.610798 57.725877 57.841153 57.956628 58.072301 58.188173 58.304245 58.420516 58.536986 58.653657 58.770529 58.887601 59.004874
										 59.122349 59.240025 59.357904 59.475984 59.594268 59.712754 59.831444 59.950338 60.069436 60.188737 60.308244 60.427955 60.547872 60.667995 60.788323 60.908858
										 61.029599 61.150547 61.271703 61.393066 61.514637 61.636416 61.758404 61.880601 62.003007 62.125623 62.248448 62.371484 62.494730 62.618188 62.741856 62.865736
										 62.989829 63.114133 63.238650 63.363380 63.488323 63.613480 63.738851 63.864436 63.990236 64.116250 64.242480 64.368926 64.495588 64.622466 64.749561 64.876873
										 65.004402 65.132149 65.260114 65.388297 65.516700 65.645321 65.774162 65.903223 66.032504 66.162005 66.291727 66.421671 66.551836 66.682223 66.812832 66.943664
										 67.074719 67.205997 67.337499 67.469225 67.601176 67.733351 67.865751 67.998377 68.131229 68.264307 68.397611 68.531142 68.664901 68.798887 68.933101 69.067544
										 69.202216 69.337116 69.472246 69.607606 69.743196 69.879016 70.015068 70.151350 70.287865 70.424611 70.561590 70.698802 70.836246 70.973925 71.111837 71.249983
										 71.388364 71.526980 71.665831 71.804918 71.944242 72.083801 72.223598 72.363632 72.503903 72.644413 72.785160 72.926147 73.067373 73.208838 73.350543 73.492488
										 73.634674 73.777102 73.919770 74.062681 74.205833 74.349228 74.492866 74.636748 74.780873 74.925242 75.069856 75.214715 75.359819 75.505169 75.650765 75.796607
										 75.942696 76.089032 76.235616 76.382448 76.529529 76.676858 76.824437 76.972265 77.120343 77.268672 77.417251 77.566082 77.715164 77.864498 78.014085 78.163924
										 78.314017 78.464363 78.614964 78.765818 78.916928 79.068293 79.219913 79.371790 79.523922 79.676312 79.828959 79.981864 80.135027 80.288448 80.442128 80.596068
										 80.750267 80.904726 81.059446 81.214427 81.369669 81.525173 81.680940 81.836969 81.993261 82.149816 82.306635 82.463719 82.621068 82.778681 82.936560 83.094705
										 83.253117 83.411795 83.570741 83.729954 83.889435 84.049185 84.209204 84.369492 84.530050 84.690879 84.851978 85.013348 85.174990 85.336903 85.499089 85.661548
										 85.824280 85.987286 86.150566 86.314121 86.477950 86.642055 86.806436 86.971093 87.136027 87.301238 87.466727 87.632494 87.798540 87.964864 88.131468 88.298351
										 88.465515 88.632960 88.800686 88.968693 89.136983 89.305555 89.474410 89.643549 89.812971 89.982678 90.152670 90.322946 90.493509 90.664358 90.835493 91.006915
										 91.178625 91.350623 91.522909 91.695484 91.868348 92.041503 92.214947 92.388682 92.562709 92.737027 92.911637 93.086540 93.261735 93.437225 93.613008 93.789086
										 93.965458 94.142126 94.319090 94.496350 94.673907 94.851761 95.029913 95.208363 95.387112 95.566160 95.745508 95.925155 96.105103 96.285353 96.465904 96.646756
										 96.827912 97.009370 97.191132 97.373198 97.555568 97.738243 97.921223 98.104509 98.288102 98.472002 98.656208 98.840723 99.025546 99.210678 99.396119 99.581870
										 99.767931 99.954303 100.140986 100.327981 100.515288 100.702908 100.890841 101.079088 101.267649 101.456525 101.645716 101.835223 102.025046 102.215186 102.405643 102.596417
										 102.787511 102.978922 103.170653 103.362704 103.555075 103.747767 103.940781 104.134116 104.327773 104.521753 104.716057 104.910684 105.105636 105.300913 105.496515 105.692443
										 105.888697 106.085279 106.282188 106.479425 106.676990 106.874884 107.073108 107.271663 107.470547 107.669763 107.869311 108.069190 108.269403 108.469948 108.670828 108.872042
										 109.073590 109.275474 109.477694 109.680250 109.883144 110.086374 110.289943 110.493850 110.698097 110.902683 111.107609 111.312876 111.518485 111.724435 111.930728 112.137363
										 112.344342 112.551665 112.759332 112.967345 113.175703 113.384407 113.593458 113.802856 114.012603 114.222697 114.433141 114.643934 114.855077 115.066570 115.278415 115.490612
										 115.703160 115.916062 116.129317 116.342926 116.556890 116.771208 116.985883 117.200913 117.416300 117.632045 117.848148 118.064609 118.281429 118.498608 118.716148 118.934049
										 119.152311 119.370935 119.589921 119.809271 120.028984 120.249061 120.469503 120.690311 120.911484 121.133024 121.354931 121.577206 121.799849 122.022861 122.246243 122.469994
										 122.694116 122.918610 123.143475 123.368712 123.594323 123.820307 124.046665 124.273398 124.500507 124.727991 124.955852 125.184090 125.412706 125.641700 125.871074 126.100826
										 126.330959 126.561473 126.792368 127.023645 127.255305 127.487348 127.719774 127.952585 128.185781 128.419363 128.653331 128.887686 129.122428 129.357558 129.593077 129.828986
										 130.065284 130.301973 130.539053 130.776525 131.014389 131.252646 131.491297 131.730343 131.969783 132.209619 132.449851 132.690479 132.931506 133.172930 133.414753 133.656975
										 133.899597 134.142620 134.386044 134.629870 134.874099 135.118730 135.363766 135.609206 135.855051 136.101301 136.347958 136.595022 136.842494 137.090374 137.338663 137.587362
										 137.836470 138.085990 138.335921 138.586265 138.837021 139.088191 139.339775 139.591774 139.844189 140.097019 140.350266 140.603931 140.858014 141.112516 141.367437 141.622779
										 141.878541 142.134725 142.391331 142.648359 142.905811 143.163688 143.421989 143.680715 143.939868 144.199448 144.459455 144.719890 144.980755 145.242048 145.503773 145.765928
										 146.028514 146.291533 146.554985 146.818871 147.083191 147.347946 147.613137 147.878765 148.144829 148.411331 148.678272 148.945652 149.213472 149.481733 149.750435 150.019579
										 150.289166 150.559196 150.829670 151.100589 151.371954 151.643765 151.916023 152.188728 152.461882 152.735485 153.009538 153.284041 153.558996 153.834402 154.110262 154.386574
										 154.663341 154.940563 155.218240 155.496373 155.774964 156.054012 156.333518 156.613484 156.893910 157.174796 157.456144 157.737954 158.020227 158.302963 158.586163 158.869829
										 159.153960 159.438558 159.723624 160.009157 160.295159 160.581631 160.868572 161.155985 161.443870 161.732227 162.021057 162.310361 162.600140 162.890395 163.181126 163.472333
										 163.764019 164.056183 164.348827 164.641950 164.935554 165.229640 165.524208 165.819260 166.114795 166.410815 166.707320 167.004312 167.301790 167.599756 167.898211 168.197155
										 168.496589 168.796514 169.096930 169.397839 169.699241 170.001137 170.303528 170.606414 170.909797 171.213677 171.518055 171.822931 172.128307 172.434183 172.740560 173.047439
										 173.354821 173.662706 173.971096 174.279991 174.589391 174.899298 175.209713 175.520636 175.832068 176.144010 176.456462 176.769426 177.082903 177.396893 177.711396 178.026415
										 178.341949 178.657999 178.974567 179.291652 179.609257 179.927381 180.246026 180.565193 180.884881 181.205092 181.525828 181.847088 182.168873 182.491185 182.814024 183.137391
										 183.461287 183.785713 184.110669 184.436157 184.762177 185.088730 185.415816 185.743438 186.071595 186.400289 186.729520 187.059289 187.389598 187.720446 188.051835 188.383765
										 188.716239 189.049255 189.382816 189.716921 190.051573 190.386771 190.722517 191.058812 191.395656 191.733050 192.070996 192.409493 192.748543 193.088148 193.428307 193.769021
										 194.110292 194.452120 194.794506 195.137452 195.480957 195.825023 196.169652 196.514842 196.860597 197.206915 197.553799 197.901250 198.249267 198.597853 198.947007 199.296731
										 199.647026 199.997893 200.349332 200.701345 201.053932 201.407095 201.760833 202.115149 202.470043 202.825516 203.181568 203.538202 203.895417 204.253215 204.611596 204.970562
										 205.330114 205.690252 206.050977 206.412290 206.774193 207.136685 207.499769 207.863445 208.227713 208.592576 208.958033 209.324086 209.690736 210.057984 210.425830 210.794275
										 211.163321 211.532969 211.903219 212.274072 212.645530 213.017593 213.390262 213.763539 214.137423 214.511917 214.887021 215.262736 215.639063 216.016004 216.393558 216.771727
										 217.150512 217.529914 217.909934 218.290573 218.671832 219.053712 219.436214 219.819338 220.203086 220.587459 220.972458 221.358084 221.744338 222.131220 222.518733 222.906876
										 223.295651 223.685058 224.075100 224.465776 224.857089 225.249038 225.641625 226.034851 226.428717 226.823223 227.218372 227.614164 228.010600 228.407680 228.805407 229.203781
										 229.602803 230.002474 230.402795 230.803767 231.205392 231.607670 232.010602 232.414189 232.818433 233.223335 233.628894 234.035114 234.441994 234.849535 235.257739 235.666607
										 236.076140 236.486338 236.897204 237.308737 237.720940 238.133812 238.547356 238.961572 239.376461 239.792024 240.208263 240.625179 241.042772 241.461044 241.879995 242.299627
										 242.719941 243.140939 243.562620 243.984986 244.408039 244.831779 245.256207 245.681325 246.107134 246.533634 246.960827 247.388714 247.817297 248.246575 248.676550 249.107224
										 249.538598 249.970671 250.403447 250.836925 251.271108 251.705995 252.141589 252.577890 253.014899 253.452618 253.891047 254.330188 254.770043 255.210611 255.651895 256.093894
										 256.536612 256.980048 257.424203 257.869080 258.314679 258.761001 259.208047 259.655819 260.104317 260.553544 261.003499 261.454184 261.905601 262.357750 262.810633 263.264251
										 263.718605 264.173695 264.629524 265.086093 265.543402 266.001453 266.460247 266.919786 267.380069 267.841100 268.302878 268.765405 269.228682 269.692710 270.157491 270.623026
										 271.089316 271.556362 272.024165 272.492726 272.962048 273.432130 273.902975 274.374583 274.846956 275.320094 275.793999 276.268673 276.744116 277.220330 277.697316 278.175075
										 278.653608 279.132917 279.613003 280.093867 280.575510 281.057934 281.541140 282.025129 282.509902 282.995460 283.481806 283.968939 284.456862 284.945575 285.435080 285.925378
										 286.416471 286.908359 287.401044 287.894528 288.388810 288.883894 289.379779 289.876467 290.373961 290.872259 291.371365 291.871280 292.372004 292.873539 293.375886 293.879047
										 294.383022 294.887814 295.393423 295.899851 296.407099 296.915168 297.424060 297.933775 298.444316 298.955684 299.467880 299.980904 300.494760 301.009447 301.524967 302.041322
										 302.558513 303.076540 303.595407 304.115113 304.635660 305.157050 305.679284 306.202363 306.726288 307.251061 307.776684 308.303157 308.830482 309.358661 309.887694 310.417583
										 310.948330 311.479935 312.012400 312.545727 313.079917 313.614971 314.150891 314.687677 315.225332 315.763857 316.303253 316.843521 317.384664 317.926681 318.469576 319.013348
										 319.558000 320.103533 320.649948 321.197247 321.745431 322.294502 322.844460 323.395308 323.947047 324.499678 325.053202 325.607622 326.162938 326.719151 327.276265 327.834279
										 328.393195 328.953015 329.513739 330.075371 330.637910 331.201359 331.765718 332.330990 332.897176 333.464277 334.032294 334.601230 335.171085 335.741861 336.313560 336.886183
										 337.459731 338.034207 338.609610 339.185944 339.763209 340.341407 340.920539 341.500607 342.081612 342.663556 343.246441 343.830267 344.415037 345.000751 345.587412 346.175021
										 346.763579 347.353088 347.943549 348.534964 349.127335 349.720662 350.314948 350.910194 351.506402 352.103573 352.701708 353.300809 353.900878 354.501916 355.103925 355.706907
										 356.310862 356.915792 357.521700 358.128586 358.736452 359.345300 359.955131 360.565946 361.177748 361.790538 362.404318 363.019088 363.634852 364.251609 364.869362 365.488113
										 366.107863 366.728613 367.350366 367.973122 368.596883 369.221652 369.847429 370.474217 371.102016 371.730829 372.360656 372.991501 373.623363 374.256246 374.890150 375.525077
										 376.161029 376.798008 377.436014 378.075050 378.715118 379.356219 379.998354 380.641525 381.285735 381.930984 382.577274 383.224607 383.872985 384.522409 385.172881 385.824403
										 386.476975 387.130601 387.785282 388.441018 389.097813 389.755667 390.414583 391.074562 391.735605 392.397715 393.060893 393.725141 394.390461 395.056853 395.724321 396.392865
										 397.062488 397.733191 398.404976 399.077845 399.751798 400.426839 401.102969 401.780189 402.458501 403.137908 403.818410 404.500009 405.182708 405.866508 406.551411 407.237418
										 407.924531 408.612753 409.302084 409.992527 410.684083 411.376754 412.070543 412.765450 413.461477 414.158627 414.856901 415.556300 416.256827 416.958484 417.661272 418.365193
										 419.070249 419.776442 420.483773 421.192244 421.901858 422.612615 423.324518 424.037569 424.751770 425.467121 426.183626 426.901286 427.620102 428.340077 429.061213 429.783511
										 430.506973 431.231601 431.957397 432.684363 433.412501 434.141812 434.872298 435.603962 436.336805 437.070829 437.806036 438.542428 439.280006 440.018773 440.758731 441.499881
										 442.242225 442.985765 443.730504 444.476442 445.223583 445.971927 446.721478 447.472236 448.224203 448.977382 449.731775 450.487383 451.244209 452.002253 452.761519 453.522009
										 454.283723 455.046665 455.810836 456.576238 457.342873 458.110742 458.879849 459.650195 460.421782 461.194612 461.968686 462.744008 463.520578 464.298399 465.077473 465.857802
										 466.639388 467.422233 468.206338 468.991707 469.778340 470.566241 471.355410 472.145850 472.937564 473.730552 474.524818 475.320363 476.117189 476.915298 477.714692 478.515374
										 479.317345 480.120608 480.925164 481.731016 482.538165 483.346614 484.156365 484.967420 485.779781 486.593450 487.408429 488.224720 489.042326 489.861248 490.681488 491.503049
										 492.325934 493.150142 493.975678 494.802543 495.630740 496.460269 497.291134 498.123337 498.956880 499.791764 500.627992 501.465567 502.304490 503.144764 503.986390 504.829371
										 505.673709 506.519407 507.366465 508.214887 509.064675 509.915831 510.768357 511.622255 512.477527 513.334177 514.192205 515.051614 515.912406 516.774584 517.638149 518.503105
										 519.369453 520.237194 521.106333 521.976870 522.848809 523.722151 524.596898 525.473053 526.350618 527.229596 528.109988 528.991797 529.875024 530.759674 531.645747 532.533246
										 533.422173 534.312530 535.204320 536.097546 536.992208 537.888311 538.785855 539.684843 540.585279 541.487163 542.390498 543.295286 544.201531 545.109234 546.018397 546.929023
										 547.841114 548.754673 549.669702 550.586203 551.504178 552.423631 553.344563 554.266976 555.190874 556.116258 557.043130 557.971494 558.901352 559.832705 560.765557 561.699909
										 562.635765 563.573126 564.511995 565.452375 566.394267 567.337675 568.282600 569.229046 570.177013 571.126506 572.077526 573.030076 573.984159 574.939776 575.896930 576.855624
										 577.815859 578.777640 579.740967 580.705845 581.672274 582.640257 583.609798 584.580898 585.553560 586.527786 587.503580 588.480943 589.459878 590.440387 591.422474 592.406140
										 593.391388 594.378220 595.366640 596.356650 597.348252 598.341448 599.336242 600.332636 601.330633 602.330234 603.331443 604.334262 605.338694 606.344742 607.352407 608.361693
										 609.372601 610.385136 611.399299 612.415093 613.432520 614.451584 615.472286 616.494629 617.518617 618.544252 619.571535 620.600471 621.631061 622.663309 623.697216 624.732786
										 625.770021 626.808924 627.849497 628.891744 629.935667 630.981268 632.028551 633.077517 634.128170 635.180513 636.234548 637.290277 638.347704 639.406832 640.467662 641.530198
										 642.594442 643.660397 644.728067 645.797453 646.868558 647.941386 649.015938 650.092219 651.170229 652.249973 653.331453 654.414672 655.499632 656.586336 657.674788 658.764990
										 659.856944 660.950654 662.046122 663.61 664.588660 664.995211 665.401815 665.808470 666.215178 666.621937 667.028749
								 667.435612 667.842526 668.249493 668.656510 669.063579 669.470699 669.877870 670.285093 670.692366 671.099690 671.507064 671.914490 672.321966 672.729492 673.137069 673.544695
								 673.952373 674.360100 674.767877 675.175704 675.583581 675.991507 676.399483 676.807508 677.215583 677.623708 678.031881 678.440103 678.848375 679.256695 679.665065 680.073483
								 680.481949 680.890464 681.299028 681.707640 682.116300 682.525009 682.933765 683.342569 683.751422 684.160322 684.569270 684.978265 685.387308 685.796398 686.205536 686.614721
								 687.023953 687.433232 687.842558 688.251931 688.661351 689.070817 689.480330 689.889889 690.299495 690.709147 691.118846 691.528590 691.938380 692.348217 692.758099 693.168027
								 693.578001 693.988020 694.398085 694.808195 695.218350 695.628551 696.038797 696.449087 696.859423 697.269804 697.680229 698.090699 698.501213 698.911772 699.322376 699.733023
								 700.143715 700.554451 700.965231 701.376055 701.786923 702.197835 702.608790 703.019789 703.430831 703.841917 704.253046 704.664218 705.075433 705.486692 705.897993 706.309337
								 706.720724 707.132154 707.543626 707.955141 708.366698 708.778298 709.189940 709.601624 710.013350 710.425118 710.836928 711.248779 711.660673 712.072608 712.484585 712.896603
								 713.308662 713.720763 714.132905 714.545088 714.957312 715.369577 715.781883 716.194229 716.606616 717.019044 717.431512 717.844021 718.256570 718.669160 719.081789 719.494459
								 719.907168 720.319917 720.732707 721.145536 721.558404 721.971312 722.384260 722.797247 723.210273 723.623339 724.036443 724.449587 724.862770 725.275991 725.689251 726.102550
								 726.515888 726.929264 727.342678 727.756131 728.169623 728.583152 728.996719 729.410325 729.823968 730.237650 730.651369 731.065126 731.478920 731.892752 732.306621 732.720528
								 733.134472 733.548453 733.962472 734.376527 734.790619 735.204748 735.618914 736.033117 736.447356 736.861632 737.275944 737.690293 738.104677 738.519098 738.933556 739.348049
								 739.762578 740.177143 740.591744 741.006380 741.421052 741.835760 742.250503 742.665282 743.080096 743.494945 743.909829 744.324748 744.739702 745.154691 745.569715 745.984774
								 746.399867 746.814995 747.230158 747.645355 748.060586 748.475851 748.891151 749.306485 749.721852 750.137254 750.552689 750.968159 751.383662 751.799198 752.214768 752.630372
								 753.046009 753.461679 753.877383 754.293119 754.708889 755.124692 755.540527 755.956396 756.372297 756.788231 757.204197 757.620196 758.036228 758.452291 758.868388 759.284516
								 759.700676 760.116869 760.533093 760.949349 761.365637 761.781957 762.198309 762.614692 763.031106 763.447553 763.864030 764.280539 764.697078 765.113649 765.530252 765.946885
								 766.363548 766.780243 767.196969 767.613725 768.030512 768.447329 768.864176 769.281055 769.697963 770.114901 770.531870 770.948869 771.365898 771.782956 772.200045 772.617163
								 773.034311 773.451488 773.868695 774.285932 774.703198 775.120493 775.537818 775.955171 776.372554 776.789966 777.207406 777.624876 778.042374 778.459901 778.877457 779.295041
								 779.712654 780.130295 780.547965 780.965662 781.383388 781.801142 782.218925 782.636735 783.054573 783.472439 783.890332 784.308254 784.726203 785.144179 785.562183 785.980215
								 786.398274 786.816360 787.234473 787.652613 788.070780 788.488975 788.907196 789.325444 789.743719 790.162020 790.580348 790.998703 791.417084 791.835492 792.253925 792.672385
								 793.090872 793.509384 793.927922 794.346487 794.765077 795.183693 795.602335 796.021003 796.439696 796.858415 797.277159 797.695928 798.114723 798.533544 798.952389 799.371260
								 799.790155 800.209076 800.628021 801.046992 801.465987 801.885007 802.304051 802.723120 803.142214 803.561332 803.980474 804.399641 804.818832 805.238047 805.657286 806.076550
								 806.495837 806.915148 807.334483 807.753841 808.173224 808.592630 809.012059 809.431512 809.850988 810.270488 810.690011 811.109557 811.529127 811.948719 812.368334 812.787973
								 813.207634 813.627318 814.047025 814.466754 814.886506 815.306281 815.726078 816.145898 816.565740 816.985604 817.405490 817.825398 818.245329 818.665282 819.085256 819.505252
								 819.925271 820.345310 820.765372 821.185455 821.605560 822.025686 822.445834 822.866003 823.286193 823.706405 824.126638 824.546891 824.967166 825.387462 825.807779 826.228116
								 826.648475 827.068854 827.489253 827.909673 828.330114 828.750575 829.171057 829.591559 830.012081 830.432623 830.853186 831.273768 831.694371 832.114993 832.535636 832.956298
								 833.376980 833.797682 834.218403 834.639144 835.059904 835.480684 835.901483 836.322301 836.743139 837.163996 837.584872 838.005767 838.426681 838.847614 839.234283 839.689536
								 840.110526 840.531534 840.952560 841.373606 841.794669 842.215752 842.636852 843.057971 843.479108 843.900264 844.321437 844.742629 845.163838 845.585066 846.006311 846.427575
								 846.848856 847.270154 847.691471 848.112805 848.534156 848.955525 849.376912 849.798315 850.219736 850.641174 851.062630 851.484102 851.905592 852.327098 852.748622 853.170162
								 853.591719 854.013293 854.434884 854.856491 855.278115 855.699755 856.121412 856.543085 856.964774 857.386480 857.808202 858.229940 858.651694 859.073464 859.495250 859.917052
								 860.338870 860.760704 861.182554 861.604419 862.026300 862.448196 862.870108 863.292036 863.713979 864.135937 864.557910 864.979899 865.401903 865.823922 866.245956 866.668005
								 867.090069 867.512147 867.934241 868.356350 868.778473 869.200611 869.622763 870.044930 870.467111 870.889307 871.311517 871.733742 872.155981 872.578234 873.000501 873.422782
								 873.845078 874.267387 874.689710 875.112047 875.534398 875.956763 876.379141 876.801533 877.223939 877.646358 878.068791 878.491237 878.913696 879.336169 879.758655 880.181154
								 880.603667 881.026192 881.448731 881.871282 882.293847 882.716424 883.139014 883.561617 883.984233 884.406861 884.829502 885.252155 885.674821 886.097500 886.520191 886.942894
								 887.365609 887.788337 888.211077 888.633829 889.056593 889.479369 889.902157 890.324957 890.747769 891.170592 891.593427 892.016275 892.439133 892.862004 893.284885 893.707779
								 894.130684 894.553600 894.976527 895.399466 895.822416 896.245377 896.668350 897.091333 897.514327 897.937333 898.360349 898.783376 899.206414 899.629463 900.052522 900.475592
								 900.898673 901.321764 901.744866 902.167978 902.591101 903.014234 903.437377 903.860531 904.283695 904.706868 905.130052 905.553246 905.976450 906.399664 906.822888 907.246122
								 907.669365 908.092619 908.515882 908.939154 909.362436 909.785728 910.209029 910.632340 911.055660 911.478990 911.902328 912.325676 912.749033 913.172400 913.595775 914.019159
								 914.442553 914.865955 915.289367 915.712787 916.136216 916.559653 916.983100 917.406555 917.830019 918.253491 918.676972 919.100461 919.523958 919.947464 920.370979 920.794501
								 921.218032 921.641571 922.065118 922.488673 922.912237 923.335808 923.759387 924.182974 924.606569 925.030171 925.453782 925.877400 926.301026 926.724659 927.148300 927.571948
								 927.995604 928.419268 928.842938 929.266616 929.690301 930.113994 930.537694 930.961400 931.385114 931.808835 932.232563 932.656298 933.080040 933.503788 933.927544 934.351306
								 934.775075 935.198850 935.622633 936.046421 936.470217 936.894019 937.317827 937.741642 938.165463 938.589290 939.013123 939.436963 939.860809 940.284661 940.708519 941.132384
								 941.556254 941.980130 942.404012 942.827900 943.251794 943.675693 944.099598 944.523509 944.947426 945.371348 945.795275 946.219208 946.643147 947.067091 947.491040 947.914995
								 948.338955 948.762920 949.186891 949.610866 950.034847 950.458833 950.882823 951.306819 951.730820 952.154825 952.578835 953.002851 953.426870 953.850895 954.274924 954.698958
								 955.122997 955.547040 955.971087 956.395139 956.819196 957.243257 957.667322 958.091391 958.515465 92.880293 2987.719306 2992.566154 2997.420850
							 3002.283406 3007.153836 3012.032151 3016.918366 3021.812493 3026.714545 3031.624534 3036.542475 3041.468379 3046.402261 3051.344132 3056.294006 3061.251897 3066.217817 3071.191779 3076.173797
							 3081.163884 3086.162053 3091.168317 3096.182689 3101.205183 3106.235813 3111.274590 3116.321529 3121.376644 3126.439946 3131.511451 3136.591171 3141.679119 3146.775310 3151.879756 3156.992472
							 3162.113470 3167.242765 3172.380369 3177.526297 3182.680562 3187.843178 3193.014158 3198.193517 3203.381267 3208.577423 3213.781998 3218.995007 3224.216462 3229.446378 3234.684769 3239.931648
							 3245.187030 3250.450929 3255.723357 3261.004330 3266.293861 3271.591965 3276.898654 3282.213945 3287.537850 3292.870383 3298.211559 3303.561392 3308.919897 3314.287086 3319.662975 3325.047578
							 3330.440909 3335.842983 3341.253813 3346.673414 3352.101800 3357.538987 3362.984988 3368.439817 3373.903490 3379.376020 3384.857423 3390.347712 3395.846902 3401.355009 3406.872046 3412.398028
							 3417.932970 3423.476886 3429.029792 3434.591701 3440.162629 3445.742591 3451.331601 3456.929674 3462.536826 3468.153070 3473.778422 3479.412896 3485.056509 3490.709274 3496.371206 3502.042322
							 3507.722635 3513.412161 3519.110915 3524.818913 3530.536168 3536.262697 3541.998515 3547.743636 3553.498077 3559.261852 3565.034977 3570.817467 3576.609338 3582.410604 3588.221282 3594.041386
							 3599.870933 3605.709937 3611.558414 3617.416380 3623.283851 3629.160841 3635.047367 3640.943444 3646.849088 3652.764315 3658.689139 3664.623578 3670.567647 3676.521361 3682.484737 3688.457790
							 3694.440536 3700.432991 3706.435171 3712.447092 3718.468771 3724.500222 3730.541462 3736.592507 3742.653374 3748.724078 3754.804635 3760.895062 3766.995375 3773.105590 3779.225724 3785.355792
							 3791.495811 3797.645797 3803.805767 3809.975737 3816.155724 3822.345743 3828.545812 3834.755947 3840.976164 3847.206481 3853.446912 3859.697476 3865.958189 3872.229068 3878.510129 3884.801388
							 3891.102864 3897.414571 3903.736529 3910.068752 3916.411258 3922.764064 3929.127187 3935.500644 3941.884452 3948.278627 3954.683187 3961.098149 3967.523530 3973.959347 3980.405617 3986.862358
						</SingleSampledCurve>
					</CurveSetElement>
					<!--curve{LtoDL} converts measured Luminance (L) to display Drive Level (DL) -->
					<CurveSetElement Name="LtoDL" InputChannels="1" OutputChannels="1"> 
						<!-- This example assumes linear luminance response of device -->
						<!-- To work with actual device measure luminance for each drive level.-->
						<!-- Then invert to determine fractional drive levels for each linear increment of luminance, and put in SingleSampledCurveSegment-->
						<!-- Set FirstEntry and LastEntry to measured min and max luminances of display-->
						<SingleSampledCurve Start="-infinity" End="+infinity" FirstEntry="10" LastEntry="1000" StorageType="0" ExtensionType="0">
							0.0 1.0
						</SingleSampledCurve>
					</CurveSetElement>
				</SubElements>
      <Variables>
        <Declare Name="LoL"/>
        <Declare Name="HiL"/>
        <Declare Name="MaxAmbientL"/>
        <Declare Name="AmbientL"/>
        <Declare Name="LoJND"/>
        <Declare Name="HiJND"/>
        <Declare Name="RangeJND"/>
        <Declare Name="RangeDL"/>
      </Variables>
      <MainFunction>
{
;Initialize constants based on measurement of display luminance (in dark environment) and ambient luminance of environment
10 tput{LoL} ;Low luminance level based on measurement of device in Dark environment (should match FirstEntry attribute of curve{LtoDL})
1000 tput{HiL} ;High luminance level based on measurement of device in Dark environment (should match LastEntry attribute of curve{LtoDL})

;Determine max ambient luminance
3993.32958588733 tget{HiL} sub tput{MaxAmbientL} ;(3933.32958588733 should be same as last value of curve{JNDtoL})

;Get Ambience level from cmm environment variable and validate it
env(ambL) if { 0 max } else { pop 10 } ; get ambient luminance level from 'ambL' CMM environment variable (default is 10 cd/m^2)
tget{MaxAmbientL} min tput{AmbientL}

%Use measured Luminance form display and ambient luminance to determine lo and hi JND levels
tget{LoL} tget{AmbientL} add log curv{LogLtoJND} tput{LoJND}; LtoJND(log(LoL+AmbientL))
tget{HiL} tget{Ambi75.054218 75.171416
											 75.288736 75.406180 75.523748 75.641439 75.759253 75.877191 75.995253 76.113439 76.231749 76.350183 76.468741 76.587423 76.706230 76.825161 76.944216 77.06339rive Levels corresponding to JND range
tget{HiJND} curv{JNDtoL} tget{AmbientL} sub curv{LtoDL} tput{RangeDL}

;Now apply GSDF function

;scale JND range by inputJND percent, add LoJND
in{inputJND} tget{RangeJND} mul tget{LoJND} add ;determine JND point for input

;convert JND to luminance and subtract out ambient luminance
curv{JNDtoL} tget{AmbientL} sub; determine desired luminance on display

;convert display luminance to drive level of display
curv{LtoDL} ;apply desired display luminance to drive value conversion

;Finally divide by range of drive levels to get out percent Drive Level
tget{RangeDL} div ; correct for floating point rounding of maximum point
out[0]
}
      </MainFunction>
    </CalculatorElement>
    </MultiProcessElements>
    </multiProcessElementType>
    <multiLocalizedUnicodeType>
      <TagSignature>cprt</TagSignature>
      <LocalizedText LanguageCountry="enUS"><![CDATA[Copyright 2017 International Color Consortium]]></LocalizedText>
    </multiLocalizedUnicodeType>
  </Tags>
</IccProfile>
